150	2	0
150	2	5
150	2	10
150	2	15
150	2	20
150	2	25
150	2	30
150	2	35
150	2	40
150	2	45
150	2	50
150	2	55
150	2	60
150	2	65
150	2	70
150	2	75
150	2	80
150	2	85
150	2	90
150	2	95
150	2	100
150	2	105
150	2	110
150	2	115
150	2	120
150	2	125
150	2	130
150	2	135
150	2	140
150	2	145
175	2	0
175	2	5
175	2	10
175	2	15
175	2	20
175	2	25
175	2	30
175	2	35
175	2	40
175	2	45
175	2	50
175	2	55
175	2	60
175	2	65
175	2	70
175	2	75
175	2	80
175	2	85
175	2	90
175	2	95
175	2	100
175	2	105
175	2	110
175	2	115
175	2	120
175	2	125
175	2	130
175	2	135
175	2	140
175	2	145
200	2	0
200	2	5
200	2	10
200	2	15
200	2	20
200	2	25
200	2	30
200	2	35
200	2	40
200	2	45
200	2	50
200	2	55
200	2	60
200	2	65
200	2	70
200	2	75
200	2	80
200	2	85
200	2	90
200	2	95
200	2	100
200	2	105
200	2	110
200	2	115
200	2	120
200	2	125
200	2	130
200	2	135
200	2	140
200	2	145
225	2	0
225	2	5
225	2	10
225	2	15
225	2	20
225	2	25
225	2	30
225	2	35
225	2	40
225	2	45
225	2	50
225	2	55
225	2	60
225	2	65
225	2	70
225	2	75
225	2	80
225	2	85
225	2	90
225	2	95
225	2	100
225	2	105
225	2	110
225	2	115
225	2	120
225	2	125
225	2	130
225	2	135
225	2	140
225	2	145
250	2	0
250	2	5
250	2	10
250	2	15
250	2	20
250	2	25
250	2	30
250	2	35
250	2	40
250	2	45
250	2	50
250	2	55
250	2	60
250	2	65
250	2	70
250	2	75
250	2	80
250	2	85
250	2	90
250	2	95
250	2	100
250	2	105
250	2	110
250	2	115
250	2	120
250	2	125
250	2	130
250	2	135
250	2	140
250	2	145
275	2	0
275	2	5
275	2	10
275	2	15
275	2	20
275	2	25
275	2	30
275	2	35
275	2	40
275	2	45
275	2	50
275	2	55
275	2	60
275	2	65
275	2	70
275	2	75
275	2	80
275	2	85
275	2	90
275	2	95
275	2	100
275	2	105
275	2	110
275	2	115
275	2	120
275	2	125
275	2	130
275	2	135
275	2	140
275	2	145
300	2	0
300	2	5
300	2	10
300	2	15
300	2	20
300	2	25
300	2	30
300	2	35
300	2	40
300	2	45
300	2	50
300	2	55
300	2	60
300	2	65
300	2	70
300	2	75
300	2	80
300	2	85
300	2	90
300	2	95
300	2	100
300	2	105
300	2	110
300	2	115
300	2	120
300	2	125
300	2	130
300	2	135
300	2	140
300	2	145
325	2	0
325	2	5
325	2	10
325	2	15
325	2	20
325	2	25
325	2	30
325	2	35
325	2	40
325	2	45
325	2	50
325	2	55
325	2	60
325	2	65
325	2	70
325	2	75
325	2	80
325	2	85
325	2	90
325	2	95
325	2	100
325	2	105
325	2	110
325	2	115
325	2	120
325	2	125
325	2	130
325	2	135
325	2	140
325	2	145
350	2	6635
350	2	6640
350	2	6645
350	2	6650
350	2	6655
350	2	6660
350	2	6665
350	2	6670
350	2	6675
350	2	6680
350	2	6685
350	2	6690
350	2	6695
350	2	6700
350	2	6705
350	2	6710
350	2	6715
350	2	6720
350	2	6725
350	2	6730
350	2	6735
350	2	6740
350	2	6745
350	2	6750
350	2	6755
350	2	6760
350	2	6765
350	2	6770
350	2	6775
350	2	6780
375	2	13885
375	2	13890
375	2	13895
375	2	13900
375	2	13905
375	2	13910
375	2	13915
375	2	13920
375	2	13925
375	2	13930
375	2	13935
375	2	13940
375	2	13945
375	2	13950
375	2	13955
375	2	13960
375	2	13965
375	2	13970
375	2	13975
375	2	13980
375	2	13985
375	2	13990
375	2	13995
375	2	14000
375	2	14005
375	2	14010
375	2	14015
375	2	14020
375	2	14025
375	2	14030
400	2	21635
400	2	21640
400	2	21645
400	2	21650
400	2	21655
400	2	21660
400	2	21665
400	2	21670
400	2	21675
400	2	21680
400	2	21685
400	2	21690
400	2	21695
400	2	21700
400	2	21705
400	2	21710
400	2	21715
400	2	21720
400	2	21725
400	2	21730
400	2	21735
400	2	21740
400	2	21745
400	2	21750
400	2	21755
400	2	21760
400	2	21765
400	2	21770
400	2	21775
400	2	21780
425	2	29885
425	2	29890
425	2	29895
425	2	29900
425	2	29905
425	2	29910
425	2	29915
425	2	29920
425	2	29925
425	2	29930
425	2	29935
425	2	29940
425	2	29945
425	2	29950
425	2	29955
425	2	29960
425	2	29965
425	2	29970
425	2	29975
425	2	29980
425	2	29985
425	2	29990
425	2	29995
425	2	30000
425	2	30005
425	2	30010
425	2	30015
425	2	30020
425	2	30025
425	2	30030
450	2	38635
450	2	38640
450	2	38645
450	2	38650
450	2	38655
450	2	38660
450	2	38665
450	2	38670
450	2	38675
450	2	38680
450	2	38685
450	2	38690
450	2	38695
450	2	38700
450	2	38705
450	2	38710
450	2	38715
450	2	38720
450	2	38725
450	2	38730
450	2	38735
450	2	38740
450	2	38745
450	2	38750
450	2	38755
450	2	38760
450	2	38765
450	2	38770
450	2	38775
450	2	38780
475	2	47885
475	2	47890
475	2	47895
475	2	47900
475	2	47905
475	2	47910
475	2	47915
475	2	47920
475	2	47925
475	2	47930
475	2	47935
475	2	47940
475	2	47945
475	2	47950
475	2	47955
475	2	47960
475	2	47965
475	2	47970
475	2	47975
475	2	47980
475	2	47985
475	2	47990
475	2	47995
475	2	48000
475	2	48005
475	2	48010
475	2	48015
475	2	48020
475	2	48025
475	2	48030
500	2	57635
500	2	57640
500	2	57645
500	2	57650
500	2	57655
500	2	57660
500	2	57665
500	2	57670
500	2	57675
500	2	57680
500	2	57685
500	2	57690
500	2	57695
500	2	57700
500	2	57705
500	2	57710
500	2	57715
500	2	57720
500	2	57725
500	2	57730
500	2	57735
500	2	57740
500	2	57745
500	2	57750
500	2	57755
500	2	57760
500	2	57765
500	2	57770
500	2	57775
500	2	57780
525	2	67885
525	2	67890
525	2	67895
525	2	67900
525	2	67905
525	2	67910
525	2	67915
525	2	67920
525	2	67925
525	2	67930
525	2	67935
525	2	67940
525	2	67945
525	2	67950
525	2	67955
525	2	67960
525	2	67965
525	2	67970
525	2	67975
525	2	67980
525	2	67985
525	2	67990
525	2	67995
525	2	68000
525	2	68005
525	2	68010
525	2	68015
525	2	68020
525	2	68025
525	2	68030
550	2	78635
550	2	78640
550	2	78645
550	2	78650
550	2	78655
550	2	78660
550	2	78665
550	2	78670
550	2	78675
550	2	78680
550	2	78685
550	2	78690
550	2	78695
550	2	78700
550	2	78705
550	2	78710
550	2	78715
550	2	78720
550	2	78725
550	2	78730
550	2	78735
550	2	78740
550	2	78745
550	2	78750
550	2	78755
550	2	78760
550	2	78765
550	2	78770
550	2	78775
550	2	78780
575	2	89885
575	2	89890
575	2	89895
575	2	89900
575	2	89905
575	2	89910
575	2	89915
575	2	89920
575	2	89925
575	2	89930
575	2	89935
575	2	89940
575	2	89945
575	2	89950
575	2	89955
575	2	89960
575	2	89965
575	2	89970
575	2	89975
575	2	89980
575	2	89985
575	2	89990
575	2	89995
575	2	90000
575	2	90005
575	2	90010
575	2	90015
575	2	90020
575	2	90025
575	2	90030
600	2	101635
600	2	101640
600	2	101645
600	2	101650
600	2	101655
600	2	101660
600	2	101665
600	2	101670
600	2	101675
600	2	101680
600	2	101685
600	2	101690
600	2	101695
600	2	101700
600	2	101705
600	2	101710
600	2	101715
600	2	101720
600	2	101725
600	2	101730
600	2	101735
600	2	101740
600	2	101745
600	2	101750
600	2	101755
600	2	101760
600	2	101765
600	2	101770
600	2	101775
600	2	101780
625	2	113885
625	2	113890
625	2	113895
625	2	113900
625	2	113905
625	2	113910
625	2	113915
625	2	113920
625	2	113925
625	2	113930
625	2	113935
625	2	113940
625	2	113945
625	2	113950
625	2	113955
625	2	113960
625	2	113965
625	2	113970
625	2	113975
625	2	113980
625	2	113985
625	2	113990
625	2	113995
625	2	114000
625	2	114005
625	2	114010
625	2	114015
625	2	114020
625	2	114025
625	2	114030
650	2	126635
650	2	126640
650	2	126645
650	2	126650
650	2	126655
650	2	126660
650	2	126665
650	2	126670
650	2	126675
650	2	126680
650	2	126685
650	2	126690
650	2	126695
650	2	126700
650	2	126705
650	2	126710
650	2	126715
650	2	126720
650	2	126725
650	2	126730
650	2	126735
650	2	126740
650	2	126745
650	2	126750
650	2	126755
650	2	126760
650	2	126765
650	2	126770
650	2	126775
650	2	126780
675	2	139885
675	2	139890
675	2	139895
675	2	139900
675	2	139905
675	2	139910
675	2	139915
675	2	139920
675	2	139925
675	2	139930
675	2	139935
675	2	139940
675	2	139945
675	2	139950
675	2	139955
675	2	139960
675	2	139965
675	2	139970
675	2	139975
675	2	139980
675	2	139985
675	2	139990
675	2	139995
675	2	140000
675	2	140005
675	2	140010
675	2	140015
675	2	140020
675	2	140025
675	2	140030
700	2	153635
700	2	153640
700	2	153645
700	2	153650
700	2	153655
700	2	153660
700	2	153665
700	2	153670
700	2	153675
700	2	153680
700	2	153685
700	2	153690
700	2	153695
700	2	153700
700	2	153705
700	2	153710
700	2	153715
700	2	153720
700	2	153725
700	2	153730
700	2	153735
700	2	153740
700	2	153745
700	2	153750
700	2	153755
700	2	153760
700	2	153765
700	2	153770
700	2	153775
700	2	153780
725	2	167885
725	2	167890
725	2	167895
725	2	167900
725	2	167905
725	2	167910
725	2	167915
725	2	167920
725	2	167925
725	2	167930
725	2	167935
725	2	167940
725	2	167945
725	2	167950
725	2	167955
725	2	167960
725	2	167965
725	2	167970
725	2	167975
725	2	167980
725	2	167985
725	2	167990
725	2	167995
725	2	168000
725	2	168005
725	2	168010
725	2	168015
725	2	168020
725	2	168025
725	2	168030
750	2	182635
750	2	182640
750	2	182645
750	2	182650
750	2	182655
750	2	182660
750	2	182665
750	2	182670
750	2	182675
750	2	182680
750	2	182685
750	2	182690
750	2	182695
750	2	182700
750	2	182705
750	2	182710
750	2	182715
750	2	182720
750	2	182725
750	2	182730
750	2	182735
750	2	182740
750	2	182745
750	2	182750
750	2	182755
750	2	182760
750	2	182765
750	2	182770
750	2	182775
750	2	182780
775	2	197885
775	2	197890
775	2	197895
775	2	197900
775	2	197905
775	2	197910
775	2	197915
775	2	197920
775	2	197925
775	2	197930
775	2	197935
775	2	197940
775	2	197945
775	2	197950
775	2	197955
775	2	197960
775	2	197965
775	2	197970
775	2	197975
775	2	197980
775	2	197985
775	2	197990
775	2	197995
775	2	198000
775	2	198005
775	2	198010
775	2	198015
775	2	198020
775	2	198025
775	2	198030
800	2	213635
800	2	213640
800	2	213645
800	2	213650
800	2	213655
800	2	213660
800	2	213665
800	2	213670
800	2	213675
800	2	213680
800	2	213685
800	2	213690
800	2	213695
800	2	213700
800	2	213705
800	2	213710
800	2	213715
800	2	213720
800	2	213725
800	2	213730
800	2	213735
800	2	213740
800	2	213745
800	2	213750
800	2	213755
800	2	213760
800	2	213765
800	2	213770
800	2	213775
800	2	213780
825	2	229885
825	2	229890
825	2	229895
825	2	229900
825	2	229905
825	2	229910
825	2	229915
825	2	229920
825	2	229925
825	2	229930
825	2	229935
825	2	229940
825	2	229945
825	2	229950
825	2	229955
825	2	229960
825	2	229965
825	2	229970
825	2	229975
825	2	229980
825	2	229985
825	2	229990
825	2	229995
825	2	230000
825	2	230005
825	2	230010
825	2	230015
825	2	230020
825	2	230025
825	2	230030
850	2	246635
850	2	246640
850	2	246645
850	2	246650
850	2	246655
850	2	246660
850	2	246665
850	2	246670
850	2	246675
850	2	246680
850	2	246685
850	2	246690
850	2	246695
850	2	246700
850	2	246705
850	2	246710
850	2	246715
850	2	246720
850	2	246725
850	2	246730
850	2	246735
850	2	246740
850	2	246745
850	2	246750
850	2	246755
850	2	246760
850	2	246765
850	2	246770
850	2	246775
850	2	246780
875	2	263885
875	2	263890
875	2	263895
875	2	263900
875	2	263905
875	2	263910
875	2	263915
875	2	263920
875	2	263925
875	2	263930
875	2	263935
875	2	263940
875	2	263945
875	2	263950
875	2	263955
875	2	263960
875	2	263965
875	2	263970
875	2	263975
875	2	263980
875	2	263985
875	2	263990
875	2	263995
875	2	264000
875	2	264005
875	2	264010
875	2	264015
875	2	264020
875	2	264025
875	2	264030
900	2	281635
900	2	281640
900	2	281645
900	2	281650
900	2	281655
900	2	281660
900	2	281665
900	2	281670
900	2	281675
900	2	281680
900	2	281685
900	2	281690
900	2	281695
900	2	281700
900	2	281705
900	2	281710
900	2	281715
900	2	281720
900	2	281725
900	2	281730
900	2	281735
900	2	281740
900	2	281745
900	2	281750
900	2	281755
900	2	281760
900	2	281765
900	2	281770
900	2	281775
900	2	281780
925	2	299885
925	2	299890
925	2	299895
925	2	299900
925	2	299905
925	2	299910
925	2	299915
925	2	299920
925	2	299925
925	2	299930
925	2	299935
925	2	299940
925	2	299945
925	2	299950
925	2	299955
925	2	299960
925	2	299965
925	2	299970
925	2	299975
925	2	299980
925	2	299985
925	2	299990
925	2	299995
925	2	300000
925	2	300005
925	2	300010
925	2	300015
925	2	300020
925	2	300025
925	2	300030
950	2	318635
950	2	318640
950	2	318645
950	2	318650
950	2	318655
950	2	318660
950	2	318665
950	2	318670
950	2	318675
950	2	318680
950	2	318685
950	2	318690
950	2	318695
950	2	318700
950	2	318705
950	2	318710
950	2	318715
950	2	318720
950	2	318725
950	2	318730
950	2	318735
950	2	318740
950	2	318745
950	2	318750
950	2	318755
950	2	318760
950	2	318765
950	2	318770
950	2	318775
950	2	318780
975	2	337885
975	2	337890
975	2	337895
975	2	337900
975	2	337905
975	2	337910
975	2	337915
975	2	337920
975	2	337925
975	2	337930
975	2	337935
975	2	337940
975	2	337945
975	2	337950
975	2	337955
975	2	337960
975	2	337965
975	2	337970
975	2	337975
975	2	337980
975	2	337985
975	2	337990
975	2	337995
975	2	338000
975	2	338005
975	2	338010
975	2	338015
975	2	338020
975	2	338025
975	2	338030
1000	2	357635
1000	2	357640
1000	2	357645
1000	2	357650
1000	2	357655
1000	2	357660
1000	2	357665
1000	2	357670
1000	2	357675
1000	2	357680
1000	2	357685
1000	2	357690
1000	2	357695
1000	2	357700
1000	2	357705
1000	2	357710
1000	2	357715
1000	2	357720
1000	2	357725
1000	2	357730
1000	2	357735
1000	2	357740
1000	2	357745
1000	2	357750
1000	2	357755
1000	2	357760
1000	2	357765
1000	2	357770
1000	2	357775
1000	2	357780
150	4	1310
150	4	1315
150	4	1320
150	4	1325
150	4	1330
150	4	1335
150	4	1340
150	4	1345
150	4	1350
150	4	1355
150	4	1360
150	4	1365
150	4	1370
150	4	1375
150	4	1380
150	4	1385
150	4	1390
150	4	1395
150	4	1400
150	4	1405
150	4	1410
150	4	1415
150	4	1420
150	4	1425
150	4	1430
150	4	1435
150	4	1440
150	4	1445
150	4	1450
150	4	1455
175	4	3220
175	4	3225
175	4	3230
175	4	3235
175	4	3240
175	4	3245
175	4	3250
175	4	3255
175	4	3260
175	4	3265
175	4	3270
175	4	3275
175	4	3280
175	4	3285
175	4	3290
175	4	3295
175	4	3300
175	4	3305
175	4	3310
175	4	3315
175	4	3320
175	4	3325
175	4	3330
175	4	3335
175	4	3340
175	4	3345
175	4	3350
175	4	3355
175	4	3360
175	4	3365
200	4	5425
200	4	5430
200	4	5435
200	4	5440
200	4	5445
200	4	5450
200	4	5455
200	4	5460
200	4	5465
200	4	5470
200	4	5475
200	4	5480
200	4	5485
200	4	5490
200	4	5495
200	4	5500
200	4	5505
200	4	5510
200	4	5515
200	4	5520
200	4	5525
200	4	5530
200	4	5535
200	4	5540
200	4	5545
200	4	5550
200	4	5555
200	4	5560
200	4	5565
200	4	5570
225	4	7925
225	4	7930
225	4	7935
225	4	7940
225	4	7945
225	4	7950
225	4	7955
225	4	7960
225	4	7965
225	4	7970
225	4	7975
225	4	7980
225	4	7985
225	4	7990
225	4	7995
225	4	8000
225	4	8005
225	4	8010
225	4	8015
225	4	8020
225	4	8025
225	4	8030
225	4	8035
225	4	8040
225	4	8045
225	4	8050
225	4	8055
225	4	8060
225	4	8065
225	4	8070
250	4	10720
250	4	10725
250	4	10730
250	4	10735
250	4	10740
250	4	10745
250	4	10750
250	4	10755
250	4	10760
250	4	10765
250	4	10770
250	4	10775
250	4	10780
250	4	10785
250	4	10790
250	4	10795
250	4	10800
250	4	10805
250	4	10810
250	4	10815
250	4	10820
250	4	10825
250	4	10830
250	4	10835
250	4	10840
250	4	10845
250	4	10850
250	4	10855
250	4	10860
250	4	10865
275	4	13810
275	4	13815
275	4	13820
275	4	13825
275	4	13830
275	4	13835
275	4	13840
275	4	13845
275	4	13850
275	4	13855
275	4	13860
275	4	13865
275	4	13870
275	4	13875
275	4	13880
275	4	13885
275	4	13890
275	4	13895
275	4	13900
275	4	13905
275	4	13910
275	4	13915
275	4	13920
275	4	13925
275	4	13930
275	4	13935
275	4	13940
275	4	13945
275	4	13950
275	4	13955
300	4	17190
300	4	17195
300	4	17200
300	4	17205
300	4	17210
300	4	17215
300	4	17220
300	4	17225
300	4	17230
300	4	17235
300	4	17240
300	4	17245
300	4	17250
300	4	17255
300	4	17260
300	4	17265
300	4	17270
300	4	17275
300	4	17280
300	4	17285
300	4	17290
300	4	17295
300	4	17300
300	4	17305
300	4	17310
300	4	17315
300	4	17320
300	4	17325
300	4	17330
300	4	17335
325	4	20870
325	4	20875
325	4	20880
325	4	20885
325	4	20890
325	4	20895
325	4	20900
325	4	20905
325	4	20910
325	4	20915
325	4	20920
325	4	20925
325	4	20930
325	4	20935
325	4	20940
325	4	20945
325	4	20950
325	4	20955
325	4	20960
325	4	20965
325	4	20970
325	4	20975
325	4	20980
325	4	20985
325	4	20990
325	4	20995
325	4	21000
325	4	21005
325	4	21010
325	4	21015
350	4	24840
350	4	24845
350	4	24850
350	4	24855
350	4	24860
350	4	24865
350	4	24870
350	4	24875
350	4	24880
350	4	24885
350	4	24890
350	4	24895
350	4	24900
350	4	24905
350	4	24910
350	4	24915
350	4	24920
350	4	24925
350	4	24930
350	4	24935
350	4	24940
350	4	24945
350	4	24950
350	4	24955
350	4	24960
350	4	24965
350	4	24970
350	4	24975
350	4	24980
350	4	24985
375	4	29105
375	4	29110
375	4	29115
375	4	29120
375	4	29125
375	4	29130
375	4	29135
375	4	29140
375	4	29145
375	4	29150
375	4	29155
375	4	29160
375	4	29165
375	4	29170
375	4	29175
375	4	29180
375	4	29185
375	4	29190
375	4	29195
375	4	29200
375	4	29205
375	4	29210
375	4	29215
375	4	29220
375	4	29225
375	4	29230
375	4	29235
375	4	29240
375	4	29245
375	4	29250
400	4	33660
400	4	33665
400	4	33670
400	4	33675
400	4	33680
400	4	33685
400	4	33690
400	4	33695
400	4	33700
400	4	33705
400	4	33710
400	4	33715
400	4	33720
400	4	33725
400	4	33730
400	4	33735
400	4	33740
400	4	33745
400	4	33750
400	4	33755
400	4	33760
400	4	33765
400	4	33770
400	4	33775
400	4	33780
400	4	33785
400	4	33790
400	4	33795
400	4	33800
400	4	33805
425	4	38515
425	4	38520
425	4	38525
425	4	38530
425	4	38535
425	4	38540
425	4	38545
425	4	38550
425	4	38555
425	4	38560
425	4	38565
425	4	38570
425	4	38575
425	4	38580
425	4	38585
425	4	38590
425	4	38595
425	4	38600
425	4	38605
425	4	38610
425	4	38615
425	4	38620
425	4	38625
425	4	38630
425	4	38635
425	4	38640
425	4	38645
425	4	38650
425	4	38655
425	4	38660
450	4	43660
450	4	43665
450	4	43670
450	4	43675
450	4	43680
450	4	43685
450	4	43690
450	4	43695
450	4	43700
450	4	43705
450	4	43710
450	4	43715
450	4	43720
450	4	43725
450	4	43730
450	4	43735
450	4	43740
450	4	43745
450	4	43750
450	4	43755
450	4	43760
450	4	43765
450	4	43770
450	4	43775
450	4	43780
450	4	43785
450	4	43790
450	4	43795
450	4	43800
450	4	43805
475	4	49105
475	4	49110
475	4	49115
475	4	49120
475	4	49125
475	4	49130
475	4	49135
475	4	49140
475	4	49145
475	4	49150
475	4	49155
475	4	49160
475	4	49165
475	4	49170
475	4	49175
475	4	49180
475	4	49185
475	4	49190
475	4	49195
475	4	49200
475	4	49205
475	4	49210
475	4	49215
475	4	49220
475	4	49225
475	4	49230
475	4	49235
475	4	49240
475	4	49245
475	4	49250
500	4	54840
500	4	54845
500	4	54850
500	4	54855
500	4	54860
500	4	54865
500	4	54870
500	4	54875
500	4	54880
500	4	54885
500	4	54890
500	4	54895
500	4	54900
500	4	54905
500	4	54910
500	4	54915
500	4	54920
500	4	54925
500	4	54930
500	4	54935
500	4	54940
500	4	54945
500	4	54950
500	4	54955
500	4	54960
500	4	54965
500	4	54970
500	4	54975
500	4	54980
500	4	54985
525	4	60870
525	4	60875
525	4	60880
525	4	60885
525	4	60890
525	4	60895
525	4	60900
525	4	60905
525	4	60910
525	4	60915
525	4	60920
525	4	60925
525	4	60930
525	4	60935
525	4	60940
525	4	60945
525	4	60950
525	4	60955
525	4	60960
525	4	60965
525	4	60970
525	4	60975
525	4	60980
525	4	60985
525	4	60990
525	4	60995
525	4	61000
525	4	61005
525	4	61010
525	4	61015
550	4	67190
550	4	67195
550	4	67200
550	4	67205
550	4	67210
550	4	67215
550	4	67220
550	4	67225
550	4	67230
550	4	67235
550	4	67240
550	4	67245
550	4	67250
550	4	67255
550	4	67260
550	4	67265
550	4	67270
550	4	67275
550	4	67280
550	4	67285
550	4	67290
550	4	67295
550	4	67300
550	4	67305
550	4	67310
550	4	67315
550	4	67320
550	4	67325
550	4	67330
550	4	67335
575	4	73810
575	4	73815
575	4	73820
575	4	73825
575	4	73830
575	4	73835
575	4	73840
575	4	73845
575	4	73850
575	4	73855
575	4	73860
575	4	73865
575	4	73870
575	4	73875
575	4	73880
575	4	73885
575	4	73890
575	4	73895
575	4	73900
575	4	73905
575	4	73910
575	4	73915
575	4	73920
575	4	73925
575	4	73930
575	4	73935
575	4	73940
575	4	73945
575	4	73950
575	4	73955
600	4	80720
600	4	80725
600	4	80730
600	4	80735
600	4	80740
600	4	80745
600	4	80750
600	4	80755
600	4	80760
600	4	80765
600	4	80770
600	4	80775
600	4	80780
600	4	80785
600	4	80790
600	4	80795
600	4	80800
600	4	80805
600	4	80810
600	4	80815
600	4	80820
600	4	80825
600	4	80830
600	4	80835
600	4	80840
600	4	80845
600	4	80850
600	4	80855
600	4	80860
600	4	80865
625	4	87925
625	4	87930
625	4	87935
625	4	87940
625	4	87945
625	4	87950
625	4	87955
625	4	87960
625	4	87965
625	4	87970
625	4	87975
625	4	87980
625	4	87985
625	4	87990
625	4	87995
625	4	88000
625	4	88005
625	4	88010
625	4	88015
625	4	88020
625	4	88025
625	4	88030
625	4	88035
625	4	88040
625	4	88045
625	4	88050
625	4	88055
625	4	88060
625	4	88065
625	4	88070
650	4	95425
650	4	95430
650	4	95435
650	4	95440
650	4	95445
650	4	95450
650	4	95455
650	4	95460
650	4	95465
650	4	95470
650	4	95475
650	4	95480
650	4	95485
650	4	95490
650	4	95495
650	4	95500
650	4	95505
650	4	95510
650	4	95515
650	4	95520
650	4	95525
650	4	95530
650	4	95535
650	4	95540
650	4	95545
650	4	95550
650	4	95555
650	4	95560
650	4	95565
650	4	95570
675	4	103220
675	4	103225
675	4	103230
675	4	103235
675	4	103240
675	4	103245
675	4	103250
675	4	103255
675	4	103260
675	4	103265
675	4	103270
675	4	103275
675	4	103280
675	4	103285
675	4	103290
675	4	103295
675	4	103300
675	4	103305
675	4	103310
675	4	103315
675	4	103320
675	4	103325
675	4	103330
675	4	103335
675	4	103340
675	4	103345
675	4	103350
675	4	103355
675	4	103360
675	4	103365
700	4	111310
700	4	111315
700	4	111320
700	4	111325
700	4	111330
700	4	111335
700	4	111340
700	4	111345
700	4	111350
700	4	111355
700	4	111360
700	4	111365
700	4	111370
700	4	111375
700	4	111380
700	4	111385
700	4	111390
700	4	111395
700	4	111400
700	4	111405
700	4	111410
700	4	111415
700	4	111420
700	4	111425
700	4	111430
700	4	111435
700	4	111440
700	4	111445
700	4	111450
700	4	111455
725	4	119690
725	4	119695
725	4	119700
725	4	119705
725	4	119710
725	4	119715
725	4	119720
725	4	119725
725	4	119730
725	4	119735
725	4	119740
725	4	119745
725	4	119750
725	4	119755
725	4	119760
725	4	119765
725	4	119770
725	4	119775
725	4	119780
725	4	119785
725	4	119790
725	4	119795
725	4	119800
725	4	119805
725	4	119810
725	4	119815
725	4	119820
725	4	119825
725	4	119830
725	4	119835
750	4	128370
750	4	128375
750	4	128380
750	4	128385
750	4	128390
750	4	128395
750	4	128400
750	4	128405
750	4	128410
750	4	128415
750	4	128420
750	4	128425
750	4	128430
750	4	128435
750	4	128440
750	4	128445
750	4	128450
750	4	128455
750	4	128460
750	4	128465
750	4	128470
750	4	128475
750	4	128480
750	4	128485
750	4	128490
750	4	128495
750	4	128500
750	4	128505
750	4	128510
750	4	128515
775	4	137340
775	4	137345
775	4	137350
775	4	137355
775	4	137360
775	4	137365
775	4	137370
775	4	137375
775	4	137380
775	4	137385
775	4	137390
775	4	137395
775	4	137400
775	4	137405
775	4	137410
775	4	137415
775	4	137420
775	4	137425
775	4	137430
775	4	137435
775	4	137440
775	4	137445
775	4	137450
775	4	137455
775	4	137460
775	4	137465
775	4	137470
775	4	137475
775	4	137480
775	4	137485
800	4	146605
800	4	146610
800	4	146615
800	4	146620
800	4	146625
800	4	146630
800	4	146635
800	4	146640
800	4	146645
800	4	146650
800	4	146655
800	4	146660
800	4	146665
800	4	146670
800	4	146675
800	4	146680
800	4	146685
800	4	146690
800	4	146695
800	4	146700
800	4	146705
800	4	146710
800	4	146715
800	4	146720
800	4	146725
800	4	146730
800	4	146735
800	4	146740
800	4	146745
800	4	146750
825	4	156160
825	4	156165
825	4	156170
825	4	156175
825	4	156180
825	4	156185
825	4	156190
825	4	156195
825	4	156200
825	4	156205
825	4	156210
825	4	156215
825	4	156220
825	4	156225
825	4	156230
825	4	156235
825	4	156240
825	4	156245
825	4	156250
825	4	156255
825	4	156260
825	4	156265
825	4	156270
825	4	156275
825	4	156280
825	4	156285
825	4	156290
825	4	156295
825	4	156300
825	4	156305
850	4	166015
850	4	166020
850	4	166025
850	4	166030
850	4	166035
850	4	166040
850	4	166045
850	4	166050
850	4	166055
850	4	166060
850	4	166065
850	4	166070
850	4	166075
850	4	166080
850	4	166085
850	4	166090
850	4	166095
850	4	166100
850	4	166105
850	4	166110
850	4	166115
850	4	166120
850	4	166125
850	4	166130
850	4	166135
850	4	166140
850	4	166145
850	4	166150
850	4	166155
850	4	166160
875	4	176160
875	4	176165
875	4	176170
875	4	176175
875	4	176180
875	4	176185
875	4	176190
875	4	176195
875	4	176200
875	4	176205
875	4	176210
875	4	176215
875	4	176220
875	4	176225
875	4	176230
875	4	176235
875	4	176240
875	4	176245
875	4	176250
875	4	176255
875	4	176260
875	4	176265
875	4	176270
875	4	176275
875	4	176280
875	4	176285
875	4	176290
875	4	176295
875	4	176300
875	4	176305
900	4	186605
900	4	186610
900	4	186615
900	4	186620
900	4	186625
900	4	186630
900	4	186635
900	4	186640
900	4	186645
900	4	186650
900	4	186655
900	4	186660
900	4	186665
900	4	186670
900	4	186675
900	4	186680
900	4	186685
900	4	186690
900	4	186695
900	4	186700
900	4	186705
900	4	186710
900	4	186715
900	4	186720
900	4	186725
900	4	186730
900	4	186735
900	4	186740
900	4	186745
900	4	186750
925	4	197340
925	4	197345
925	4	197350
925	4	197355
925	4	197360
925	4	197365
925	4	197370
925	4	197375
925	4	197380
925	4	197385
925	4	197390
925	4	197395
925	4	197400
925	4	197405
925	4	197410
925	4	197415
925	4	197420
925	4	197425
925	4	197430
925	4	197435
925	4	197440
925	4	197445
925	4	197450
925	4	197455
925	4	197460
925	4	197465
925	4	197470
925	4	197475
925	4	197480
925	4	197485
950	4	208370
950	4	208375
950	4	208380
950	4	208385
950	4	208390
950	4	208395
950	4	208400
950	4	208405
950	4	208410
950	4	208415
950	4	208420
950	4	208425
950	4	208430
950	4	208435
950	4	208440
950	4	208445
950	4	208450
950	4	208455
950	4	208460
950	4	208465
950	4	208470
950	4	208475
950	4	208480
950	4	208485
950	4	208490
950	4	208495
950	4	208500
950	4	208505
950	4	208510
950	4	208515
975	4	219690
975	4	219695
975	4	219700
975	4	219705
975	4	219710
975	4	219715
975	4	219720
975	4	219725
975	4	219730
975	4	219735
975	4	219740
975	4	219745
975	4	219750
975	4	219755
975	4	219760
975	4	219765
975	4	219770
975	4	219775
975	4	219780
975	4	219785
975	4	219790
975	4	219795
975	4	219800
975	4	219805
975	4	219810
975	4	219815
975	4	219820
975	4	219825
975	4	219830
975	4	219835
1000	4	231310
1000	4	231315
1000	4	231320
1000	4	231325
1000	4	231330
1000	4	231335
1000	4	231340
1000	4	231345
1000	4	231350
1000	4	231355
1000	4	231360
1000	4	231365
1000	4	231370
1000	4	231375
1000	4	231380
1000	4	231385
1000	4	231390
1000	4	231395
1000	4	231400
1000	4	231405
1000	4	231410
1000	4	231415
1000	4	231420
1000	4	231425
1000	4	231430
1000	4	231435
1000	4	231440
1000	4	231445
1000	4	231450
1000	4	231455
150	6	2515
150	6	2520
150	6	2525
150	6	2530
150	6	2535
150	6	2540
150	6	2545
150	6	2550
150	6	2555
150	6	2560
150	6	2565
150	6	2570
150	6	2575
150	6	2580
150	6	2585
150	6	2590
150	6	2595
150	6	2600
150	6	2605
150	6	2610
150	6	2615
150	6	2620
150	6	2625
150	6	2630
150	6	2635
150	6	2640
150	6	2645
150	6	2650
150	6	2655
150	6	2660
175	6	3835
175	6	3840
175	6	3845
175	6	3850
175	6	3855
175	6	3860
175	6	3865
175	6	3870
175	6	3875
175	6	3880
175	6	3885
175	6	3890
175	6	3895
175	6	3900
175	6	3905
175	6	3910
175	6	3915
175	6	3920
175	6	3925
175	6	3930
175	6	3935
175	6	3940
175	6	3945
175	6	3950
175	6	3955
175	6	3960
175	6	3965
175	6	3970
175	6	3975
175	6	3980
200	6	5355
200	6	5360
200	6	5365
200	6	5370
200	6	5375
200	6	5380
200	6	5385
200	6	5390
200	6	5395
200	6	5400
200	6	5405
200	6	5410
200	6	5415
200	6	5420
200	6	5425
200	6	5430
200	6	5435
200	6	5440
200	6	5445
200	6	5450
200	6	5455
200	6	5460
200	6	5465
200	6	5470
200	6	5475
200	6	5480
200	6	5485
200	6	5490
200	6	5495
200	6	5500
225	6	7075
225	6	7080
225	6	7085
225	6	7090
225	6	7095
225	6	7100
225	6	7105
225	6	7110
225	6	7115
225	6	7120
225	6	7125
225	6	7130
225	6	7135
225	6	7140
225	6	7145
225	6	7150
225	6	7155
225	6	7160
225	6	7165
225	6	7170
225	6	7175
225	6	7180
225	6	7185
225	6	7190
225	6	7195
225	6	7200
225	6	7205
225	6	7210
225	6	7215
225	6	7220
250	6	9000
250	6	9005
250	6	9010
250	6	9015
250	6	9020
250	6	9025
250	6	9030
250	6	9035
250	6	9040
250	6	9045
250	6	9050
250	6	9055
250	6	9060
250	6	9065
250	6	9070
250	6	9075
250	6	9080
250	6	9085
250	6	9090
250	6	9095
250	6	9100
250	6	9105
250	6	9110
250	6	9115
250	6	9120
250	6	9125
250	6	9130
250	6	9135
250	6	9140
250	6	9145
275	6	11130
275	6	11135
275	6	11140
275	6	11145
275	6	11150
275	6	11155
275	6	11160
275	6	11165
275	6	11170
275	6	11175
275	6	11180
275	6	11185
275	6	11190
275	6	11195
275	6	11200
275	6	11205
275	6	11210
275	6	11215
275	6	11220
275	6	11225
275	6	11230
275	6	11235
275	6	11240
275	6	11245
275	6	11250
275	6	11255
275	6	11260
275	6	11265
275	6	11270
275	6	11275
300	6	13460
300	6	13465
300	6	13470
300	6	13475
300	6	13480
300	6	13485
300	6	13490
300	6	13495
300	6	13500
300	6	13505
300	6	13510
300	6	13515
300	6	13520
300	6	13525
300	6	13530
300	6	13535
300	6	13540
300	6	13545
300	6	13550
300	6	13555
300	6	13560
300	6	13565
300	6	13570
300	6	13575
300	6	13580
300	6	13585
300	6	13590
300	6	13595
300	6	13600
300	6	13605
325	6	15995
325	6	16000
325	6	16005
325	6	16010
325	6	16015
325	6	16020
325	6	16025
325	6	16030
325	6	16035
325	6	16040
325	6	16045
325	6	16050
325	6	16055
325	6	16060
325	6	16065
325	6	16070
325	6	16075
325	6	16080
325	6	16085
325	6	16090
325	6	16095
325	6	16100
325	6	16105
325	6	16110
325	6	16115
325	6	16120
325	6	16125
325	6	16130
325	6	16135
325	6	16140
350	6	18730
350	6	18735
350	6	18740
350	6	18745
350	6	18750
350	6	18755
350	6	18760
350	6	18765
350	6	18770
350	6	18775
350	6	18780
350	6	18785
350	6	18790
350	6	18795
350	6	18800
350	6	18805
350	6	18810
350	6	18815
350	6	18820
350	6	18825
350	6	18830
350	6	18835
350	6	18840
350	6	18845
350	6	18850
350	6	18855
350	6	18860
350	6	18865
350	6	18870
350	6	18875
375	6	21670
375	6	21675
375	6	21680
375	6	21685
375	6	21690
375	6	21695
375	6	21700
375	6	21705
375	6	21710
375	6	21715
375	6	21720
375	6	21725
375	6	21730
375	6	21735
375	6	21740
375	6	21745
375	6	21750
375	6	21755
375	6	21760
375	6	21765
375	6	21770
375	6	21775
375	6	21780
375	6	21785
375	6	21790
375	6	21795
375	6	21800
375	6	21805
375	6	21810
375	6	21815
400	6	24815
400	6	24820
400	6	24825
400	6	24830
400	6	24835
400	6	24840
400	6	24845
400	6	24850
400	6	24855
400	6	24860
400	6	24865
400	6	24870
400	6	24875
400	6	24880
400	6	24885
400	6	24890
400	6	24895
400	6	24900
400	6	24905
400	6	24910
400	6	24915
400	6	24920
400	6	24925
400	6	24930
400	6	24935
400	6	24940
400	6	24945
400	6	24950
400	6	24955
400	6	24960
425	6	28155
425	6	28160
425	6	28165
425	6	28170
425	6	28175
425	6	28180
425	6	28185
425	6	28190
425	6	28195
425	6	28200
425	6	28205
425	6	28210
425	6	28215
425	6	28220
425	6	28225
425	6	28230
425	6	28235
425	6	28240
425	6	28245
425	6	28250
425	6	28255
425	6	28260
425	6	28265
425	6	28270
425	6	28275
425	6	28280
425	6	28285
425	6	28290
425	6	28295
425	6	28300
450	6	31705
450	6	31710
450	6	31715
450	6	31720
450	6	31725
450	6	31730
450	6	31735
450	6	31740
450	6	31745
450	6	31750
450	6	31755
450	6	31760
450	6	31765
450	6	31770
450	6	31775
450	6	31780
450	6	31785
450	6	31790
450	6	31795
450	6	31800
450	6	31805
450	6	31810
450	6	31815
450	6	31820
450	6	31825
450	6	31830
450	6	31835
450	6	31840
450	6	31845
450	6	31850
475	6	35455
475	6	35460
475	6	35465
475	6	35470
475	6	35475
475	6	35480
475	6	35485
475	6	35490
475	6	35495
475	6	35500
475	6	35505
475	6	35510
475	6	35515
475	6	35520
475	6	35525
475	6	35530
475	6	35535
475	6	35540
475	6	35545
475	6	35550
475	6	35555
475	6	35560
475	6	35565
475	6	35570
475	6	35575
475	6	35580
475	6	35585
475	6	35590
475	6	35595
475	6	35600
500	6	39405
500	6	39410
500	6	39415
500	6	39420
500	6	39425
500	6	39430
500	6	39435
500	6	39440
500	6	39445
500	6	39450
500	6	39455
500	6	39460
500	6	39465
500	6	39470
500	6	39475
500	6	39480
500	6	39485
500	6	39490
500	6	39495
500	6	39500
500	6	39505
500	6	39510
500	6	39515
500	6	39520
500	6	39525
500	6	39530
500	6	39535
500	6	39540
500	6	39545
500	6	39550
525	6	43565
525	6	43570
525	6	43575
525	6	43580
525	6	43585
525	6	43590
525	6	43595
525	6	43600
525	6	43605
525	6	43610
525	6	43615
525	6	43620
525	6	43625
525	6	43630
525	6	43635
525	6	43640
525	6	43645
525	6	43650
525	6	43655
525	6	43660
525	6	43665
525	6	43670
525	6	43675
525	6	43680
525	6	43685
525	6	43690
525	6	43695
525	6	43700
525	6	43705
525	6	43710
550	6	47920
550	6	47925
550	6	47930
550	6	47935
550	6	47940
550	6	47945
550	6	47950
550	6	47955
550	6	47960
550	6	47965
550	6	47970
550	6	47975
550	6	47980
550	6	47985
550	6	47990
550	6	47995
550	6	48000
550	6	48005
550	6	48010
550	6	48015
550	6	48020
550	6	48025
550	6	48030
550	6	48035
550	6	48040
550	6	48045
550	6	48050
550	6	48055
550	6	48060
550	6	48065
575	6	52480
575	6	52485
575	6	52490
575	6	52495
575	6	52500
575	6	52505
575	6	52510
575	6	52515
575	6	52520
575	6	52525
575	6	52530
575	6	52535
575	6	52540
575	6	52545
575	6	52550
575	6	52555
575	6	52560
575	6	52565
575	6	52570
575	6	52575
575	6	52580
575	6	52585
575	6	52590
575	6	52595
575	6	52600
575	6	52605
575	6	52610
575	6	52615
575	6	52620
575	6	52625
600	6	57245
600	6	57250
600	6	57255
600	6	57260
600	6	57265
600	6	57270
600	6	57275
600	6	57280
600	6	57285
600	6	57290
600	6	57295
600	6	57300
600	6	57305
600	6	57310
600	6	57315
600	6	57320
600	6	57325
600	6	57330
600	6	57335
600	6	57340
600	6	57345
600	6	57350
600	6	57355
600	6	57360
600	6	57365
600	6	57370
600	6	57375
600	6	57380
600	6	57385
600	6	57390
625	6	62210
625	6	62215
625	6	62220
625	6	62225
625	6	62230
625	6	62235
625	6	62240
625	6	62245
625	6	62250
625	6	62255
625	6	62260
625	6	62265
625	6	62270
625	6	62275
625	6	62280
625	6	62285
625	6	62290
625	6	62295
625	6	62300
625	6	62305
625	6	62310
625	6	62315
625	6	62320
625	6	62325
625	6	62330
625	6	62335
625	6	62340
625	6	62345
625	6	62350
625	6	62355
650	6	67380
650	6	67385
650	6	67390
650	6	67395
650	6	67400
650	6	67405
650	6	67410
650	6	67415
650	6	67420
650	6	67425
650	6	67430
650	6	67435
650	6	67440
650	6	67445
650	6	67450
650	6	67455
650	6	67460
650	6	67465
650	6	67470
650	6	67475
650	6	67480
650	6	67485
650	6	67490
650	6	67495
650	6	67500
650	6	67505
650	6	67510
650	6	67515
650	6	67520
650	6	67525
675	6	72750
675	6	72755
675	6	72760
675	6	72765
675	6	72770
675	6	72775
675	6	72780
675	6	72785
675	6	72790
675	6	72795
675	6	72800
675	6	72805
675	6	72810
675	6	72815
675	6	72820
675	6	72825
675	6	72830
675	6	72835
675	6	72840
675	6	72845
675	6	72850
675	6	72855
675	6	72860
675	6	72865
675	6	72870
675	6	72875
675	6	72880
675	6	72885
675	6	72890
675	6	72895
700	6	78325
700	6	78330
700	6	78335
700	6	78340
700	6	78345
700	6	78350
700	6	78355
700	6	78360
700	6	78365
700	6	78370
700	6	78375
700	6	78380
700	6	78385
700	6	78390
700	6	78395
700	6	78400
700	6	78405
700	6	78410
700	6	78415
700	6	78420
700	6	78425
700	6	78430
700	6	78435
700	6	78440
700	6	78445
700	6	78450
700	6	78455
700	6	78460
700	6	78465
700	6	78470
725	6	84105
725	6	84110
725	6	84115
725	6	84120
725	6	84125
725	6	84130
725	6	84135
725	6	84140
725	6	84145
725	6	84150
725	6	84155
725	6	84160
725	6	84165
725	6	84170
725	6	84175
725	6	84180
725	6	84185
725	6	84190
725	6	84195
725	6	84200
725	6	84205
725	6	84210
725	6	84215
725	6	84220
725	6	84225
725	6	84230
725	6	84235
725	6	84240
725	6	84245
725	6	84250
750	6	90085
750	6	90090
750	6	90095
750	6	90100
750	6	90105
750	6	90110
750	6	90115
750	6	90120
750	6	90125
750	6	90130
750	6	90135
750	6	90140
750	6	90145
750	6	90150
750	6	90155
750	6	90160
750	6	90165
750	6	90170
750	6	90175
750	6	90180
750	6	90185
750	6	90190
750	6	90195
750	6	90200
750	6	90205
750	6	90210
750	6	90215
750	6	90220
750	6	90225
750	6	90230
775	6	96265
775	6	96270
775	6	96275
775	6	96280
775	6	96285
775	6	96290
775	6	96295
775	6	96300
775	6	96305
775	6	96310
775	6	96315
775	6	96320
775	6	96325
775	6	96330
775	6	96335
775	6	96340
775	6	96345
775	6	96350
775	6	96355
775	6	96360
775	6	96365
775	6	96370
775	6	96375
775	6	96380
775	6	96385
775	6	96390
775	6	96395
775	6	96400
775	6	96405
775	6	96410
800	6	102650
800	6	102655
800	6	102660
800	6	102665
800	6	102670
800	6	102675
800	6	102680
800	6	102685
800	6	102690
800	6	102695
800	6	102700
800	6	102705
800	6	102710
800	6	102715
800	6	102720
800	6	102725
800	6	102730
800	6	102735
800	6	102740
800	6	102745
800	6	102750
800	6	102755
800	6	102760
800	6	102765
800	6	102770
800	6	102775
800	6	102780
800	6	102785
800	6	102790
800	6	102795
825	6	109240
825	6	109245
825	6	109250
825	6	109255
825	6	109260
825	6	109265
825	6	109270
825	6	109275
825	6	109280
825	6	109285
825	6	109290
825	6	109295
825	6	109300
825	6	109305
825	6	109310
825	6	109315
825	6	109320
825	6	109325
825	6	109330
825	6	109335
825	6	109340
825	6	109345
825	6	109350
825	6	109355
825	6	109360
825	6	109365
825	6	109370
825	6	109375
825	6	109380
825	6	109385
850	6	116030
850	6	116035
850	6	116040
850	6	116045
850	6	116050
850	6	116055
850	6	116060
850	6	116065
850	6	116070
850	6	116075
850	6	116080
850	6	116085
850	6	116090
850	6	116095
850	6	116100
850	6	116105
850	6	116110
850	6	116115
850	6	116120
850	6	116125
850	6	116130
850	6	116135
850	6	116140
850	6	116145
850	6	116150
850	6	116155
850	6	116160
850	6	116165
850	6	116170
850	6	116175
875	6	123020
875	6	123025
875	6	123030
875	6	123035
875	6	123040
875	6	123045
875	6	123050
875	6	123055
875	6	123060
875	6	123065
875	6	123070
875	6	123075
875	6	123080
875	6	123085
875	6	123090
875	6	123095
875	6	123100
875	6	123105
875	6	123110
875	6	123115
875	6	123120
875	6	123125
875	6	123130
875	6	123135
875	6	123140
875	6	123145
875	6	123150
875	6	123155
875	6	123160
875	6	123165
900	6	130220
900	6	130225
900	6	130230
900	6	130235
900	6	130240
900	6	130245
900	6	130250
900	6	130255
900	6	130260
900	6	130265
900	6	130270
900	6	130275
900	6	130280
900	6	130285
900	6	130290
900	6	130295
900	6	130300
900	6	130305
900	6	130310
900	6	130315
900	6	130320
900	6	130325
900	6	130330
900	6	130335
900	6	130340
900	6	130345
900	6	130350
900	6	130355
900	6	130360
900	6	130365
925	6	137615
925	6	137620
925	6	137625
925	6	137630
925	6	137635
925	6	137640
925	6	137645
925	6	137650
925	6	137655
925	6	137660
925	6	137665
925	6	137670
925	6	137675
925	6	137680
925	6	137685
925	6	137690
925	6	137695
925	6	137700
925	6	137705
925	6	137710
925	6	137715
925	6	137720
925	6	137725
925	6	137730
925	6	137735
925	6	137740
925	6	137745
925	6	137750
925	6	137755
925	6	137760
950	6	145220
950	6	145225
950	6	145230
950	6	145235
950	6	145240
950	6	145245
950	6	145250
950	6	145255
950	6	145260
950	6	145265
950	6	145270
950	6	145275
950	6	145280
950	6	145285
950	6	145290
950	6	145295
950	6	145300
950	6	145305
950	6	145310
950	6	145315
950	6	145320
950	6	145325
950	6	145330
950	6	145335
950	6	145340
950	6	145345
950	6	145350
950	6	145355
950	6	145360
950	6	145365
975	6	153020
975	6	153025
975	6	153030
975	6	153035
975	6	153040
975	6	153045
975	6	153050
975	6	153055
975	6	153060
975	6	153065
975	6	153070
975	6	153075
975	6	153080
975	6	153085
975	6	153090
975	6	153095
975	6	153100
975	6	153105
975	6	153110
975	6	153115
975	6	153120
975	6	153125
975	6	153130
975	6	153135
975	6	153140
975	6	153145
975	6	153150
975	6	153155
975	6	153160
975	6	153165
1000	6	161030
1000	6	161035
1000	6	161040
1000	6	161045
1000	6	161050
1000	6	161055
1000	6	161060
1000	6	161065
1000	6	161070
1000	6	161075
1000	6	161080
1000	6	161085
1000	6	161090
1000	6	161095
1000	6	161100
1000	6	161105
1000	6	161110
1000	6	161115
1000	6	161120
1000	6	161125
1000	6	161130
1000	6	161135
1000	6	161140
1000	6	161145
1000	6	161150
1000	6	161155
1000	6	161160
1000	6	161165
1000	6	161170
1000	6	161175
150	8	2300
150	8	2305
150	8	2310
150	8	2315
150	8	2320
150	8	2325
150	8	2330
150	8	2335
150	8	2340
150	8	2345
150	8	2350
150	8	2355
150	8	2360
150	8	2365
150	8	2370
150	8	2375
150	8	2380
150	8	2385
150	8	2390
150	8	2395
150	8	2400
150	8	2405
150	8	2410
150	8	2415
150	8	2420
150	8	2425
150	8	2430
150	8	2435
150	8	2440
150	8	2445
175	8	3300
175	8	3305
175	8	3310
175	8	3315
175	8	3320
175	8	3325
175	8	3330
175	8	3335
175	8	3340
175	8	3345
175	8	3350
175	8	3355
175	8	3360
175	8	3365
175	8	3370
175	8	3375
175	8	3380
175	8	3385
175	8	3390
175	8	3395
175	8	3400
175	8	3405
175	8	3410
175	8	3415
175	8	3420
175	8	3425
175	8	3430
175	8	3435
175	8	3440
175	8	3445
200	8	4455
200	8	4460
200	8	4465
200	8	4470
200	8	4475
200	8	4480
200	8	4485
200	8	4490
200	8	4495
200	8	4500
200	8	4505
200	8	4510
200	8	4515
200	8	4520
200	8	4525
200	8	4530
200	8	4535
200	8	4540
200	8	4545
200	8	4550
200	8	4555
200	8	4560
200	8	4565
200	8	4570
200	8	4575
200	8	4580
200	8	4585
200	8	4590
200	8	4595
200	8	4600
225	8	5760
225	8	5765
225	8	5770
225	8	5775
225	8	5780
225	8	5785
225	8	5790
225	8	5795
225	8	5800
225	8	5805
225	8	5810
225	8	5815
225	8	5820
225	8	5825
225	8	5830
225	8	5835
225	8	5840
225	8	5845
225	8	5850
225	8	5855
225	8	5860
225	8	5865
225	8	5870
225	8	5875
225	8	5880
225	8	5885
225	8	5890
225	8	5895
225	8	5900
225	8	5905
250	8	7220
250	8	7225
250	8	7230
250	8	7235
250	8	7240
250	8	7245
250	8	7250
250	8	7255
250	8	7260
250	8	7265
250	8	7270
250	8	7275
250	8	7280
250	8	7285
250	8	7290
250	8	7295
250	8	7300
250	8	7305
250	8	7310
250	8	7315
250	8	7320
250	8	7325
250	8	7330
250	8	7335
250	8	7340
250	8	7345
250	8	7350
250	8	7355
250	8	7360
250	8	7365
275	8	8835
275	8	8840
275	8	8845
275	8	8850
275	8	8855
275	8	8860
275	8	8865
275	8	8870
275	8	8875
275	8	8880
275	8	8885
275	8	8890
275	8	8895
275	8	8900
275	8	8905
275	8	8910
275	8	8915
275	8	8920
275	8	8925
275	8	8930
275	8	8935
275	8	8940
275	8	8945
275	8	8950
275	8	8955
275	8	8960
275	8	8965
275	8	8970
275	8	8975
275	8	8980
300	8	10605
300	8	10610
300	8	10615
300	8	10620
300	8	10625
300	8	10630
300	8	10635
300	8	10640
300	8	10645
300	8	10650
300	8	10655
300	8	10660
300	8	10665
300	8	10670
300	8	10675
300	8	10680
300	8	10685
300	8	10690
300	8	10695
300	8	10700
300	8	10705
300	8	10710
300	8	10715
300	8	10720
300	8	10725
300	8	10730
300	8	10735
300	8	10740
300	8	10745
300	8	10750
325	8	12530
325	8	12535
325	8	12540
325	8	12545
325	8	12550
325	8	12555
325	8	12560
325	8	12565
325	8	12570
325	8	12575
325	8	12580
325	8	12585
325	8	12590
325	8	12595
325	8	12600
325	8	12605
325	8	12610
325	8	12615
325	8	12620
325	8	12625
325	8	12630
325	8	12635
325	8	12640
325	8	12645
325	8	12650
325	8	12655
325	8	12660
325	8	12665
325	8	12670
325	8	12675
350	8	14605
350	8	14610
350	8	14615
350	8	14620
350	8	14625
350	8	14630
350	8	14635
350	8	14640
350	8	14645
350	8	14650
350	8	14655
350	8	14660
350	8	14665
350	8	14670
350	8	14675
350	8	14680
350	8	14685
350	8	14690
350	8	14695
350	8	14700
350	8	14705
350	8	14710
350	8	14715
350	8	14720
350	8	14725
350	8	14730
350	8	14735
350	8	14740
350	8	14745
350	8	14750
375	8	16835
375	8	16840
375	8	16845
375	8	16850
375	8	16855
375	8	16860
375	8	16865
375	8	16870
375	8	16875
375	8	16880
375	8	16885
375	8	16890
375	8	16895
375	8	16900
375	8	16905
375	8	16910
375	8	16915
375	8	16920
375	8	16925
375	8	16930
375	8	16935
375	8	16940
375	8	16945
375	8	16950
375	8	16955
375	8	16960
375	8	16965
375	8	16970
375	8	16975
375	8	16980
400	8	19220
400	8	19225
400	8	19230
400	8	19235
400	8	19240
400	8	19245
400	8	19250
400	8	19255
400	8	19260
400	8	19265
400	8	19270
400	8	19275
400	8	19280
400	8	19285
400	8	19290
400	8	19295
400	8	19300
400	8	19305
400	8	19310
400	8	19315
400	8	19320
400	8	19325
400	8	19330
400	8	19335
400	8	19340
400	8	19345
400	8	19350
400	8	19355
400	8	19360
400	8	19365
425	8	21760
425	8	21765
425	8	21770
425	8	21775
425	8	21780
425	8	21785
425	8	21790
425	8	21795
425	8	21800
425	8	21805
425	8	21810
425	8	21815
425	8	21820
425	8	21825
425	8	21830
425	8	21835
425	8	21840
425	8	21845
425	8	21850
425	8	21855
425	8	21860
425	8	21865
425	8	21870
425	8	21875
425	8	21880
425	8	21885
425	8	21890
425	8	21895
425	8	21900
425	8	21905
450	8	24455
450	8	24460
450	8	24465
450	8	24470
450	8	24475
450	8	24480
450	8	24485
450	8	24490
450	8	24495
450	8	24500
450	8	24505
450	8	24510
450	8	24515
450	8	24520
450	8	24525
450	8	24530
450	8	24535
450	8	24540
450	8	24545
450	8	24550
450	8	24555
450	8	24560
450	8	24565
450	8	24570
450	8	24575
450	8	24580
450	8	24585
450	8	24590
450	8	24595
450	8	24600
475	8	27300
475	8	27305
475	8	27310
475	8	27315
475	8	27320
475	8	27325
475	8	27330
475	8	27335
475	8	27340
475	8	27345
475	8	27350
475	8	27355
475	8	27360
475	8	27365
475	8	27370
475	8	27375
475	8	27380
475	8	27385
475	8	27390
475	8	27395
475	8	27400
475	8	27405
475	8	27410
475	8	27415
475	8	27420
475	8	27425
475	8	27430
475	8	27435
475	8	27440
475	8	27445
500	8	30300
500	8	30305
500	8	30310
500	8	30315
500	8	30320
500	8	30325
500	8	30330
500	8	30335
500	8	30340
500	8	30345
500	8	30350
500	8	30355
500	8	30360
500	8	30365
500	8	30370
500	8	30375
500	8	30380
500	8	30385
500	8	30390
500	8	30395
500	8	30400
500	8	30405
500	8	30410
500	8	30415
500	8	30420
500	8	30425
500	8	30430
500	8	30435
500	8	30440
500	8	30445
525	8	33455
525	8	33460
525	8	33465
525	8	33470
525	8	33475
525	8	33480
525	8	33485
525	8	33490
525	8	33495
525	8	33500
525	8	33505
525	8	33510
525	8	33515
525	8	33520
525	8	33525
525	8	33530
525	8	33535
525	8	33540
525	8	33545
525	8	33550
525	8	33555
525	8	33560
525	8	33565
525	8	33570
525	8	33575
525	8	33580
525	8	33585
525	8	33590
525	8	33595
525	8	33600
550	8	36760
550	8	36765
550	8	36770
550	8	36775
550	8	36780
550	8	36785
550	8	36790
550	8	36795
550	8	36800
550	8	36805
550	8	36810
550	8	36815
550	8	36820
550	8	36825
550	8	36830
550	8	36835
550	8	36840
550	8	36845
550	8	36850
550	8	36855
550	8	36860
550	8	36865
550	8	36870
550	8	36875
550	8	36880
550	8	36885
550	8	36890
550	8	36895
550	8	36900
550	8	36905
575	8	40220
575	8	40225
575	8	40230
575	8	40235
575	8	40240
575	8	40245
575	8	40250
575	8	40255
575	8	40260
575	8	40265
575	8	40270
575	8	40275
575	8	40280
575	8	40285
575	8	40290
575	8	40295
575	8	40300
575	8	40305
575	8	40310
575	8	40315
575	8	40320
575	8	40325
575	8	40330
575	8	40335
575	8	40340
575	8	40345
575	8	40350
575	8	40355
575	8	40360
575	8	40365
600	8	43835
600	8	43840
600	8	43845
600	8	43850
600	8	43855
600	8	43860
600	8	43865
600	8	43870
600	8	43875
600	8	43880
600	8	43885
600	8	43890
600	8	43895
600	8	43900
600	8	43905
600	8	43910
600	8	43915
600	8	43920
600	8	43925
600	8	43930
600	8	43935
600	8	43940
600	8	43945
600	8	43950
600	8	43955
600	8	43960
600	8	43965
600	8	43970
600	8	43975
600	8	43980
625	8	47605
625	8	47610
625	8	47615
625	8	47620
625	8	47625
625	8	47630
625	8	47635
625	8	47640
625	8	47645
625	8	47650
625	8	47655
625	8	47660
625	8	47665
625	8	47670
625	8	47675
625	8	47680
625	8	47685
625	8	47690
625	8	47695
625	8	47700
625	8	47705
625	8	47710
625	8	47715
625	8	47720
625	8	47725
625	8	47730
625	8	47735
625	8	47740
625	8	47745
625	8	47750
650	8	51530
650	8	51535
650	8	51540
650	8	51545
650	8	51550
650	8	51555
650	8	51560
650	8	51565
650	8	51570
650	8	51575
650	8	51580
650	8	51585
650	8	51590
650	8	51595
650	8	51600
650	8	51605
650	8	51610
650	8	51615
650	8	51620
650	8	51625
650	8	51630
650	8	51635
650	8	51640
650	8	51645
650	8	51650
650	8	51655
650	8	51660
650	8	51665
650	8	51670
650	8	51675
675	8	55605
675	8	55610
675	8	55615
675	8	55620
675	8	55625
675	8	55630
675	8	55635
675	8	55640
675	8	55645
675	8	55650
675	8	55655
675	8	55660
675	8	55665
675	8	55670
675	8	55675
675	8	55680
675	8	55685
675	8	55690
675	8	55695
675	8	55700
675	8	55705
675	8	55710
675	8	55715
675	8	55720
675	8	55725
675	8	55730
675	8	55735
675	8	55740
675	8	55745
675	8	55750
700	8	59835
700	8	59840
700	8	59845
700	8	59850
700	8	59855
700	8	59860
700	8	59865
700	8	59870
700	8	59875
700	8	59880
700	8	59885
700	8	59890
700	8	59895
700	8	59900
700	8	59905
700	8	59910
700	8	59915
700	8	59920
700	8	59925
700	8	59930
700	8	59935
700	8	59940
700	8	59945
700	8	59950
700	8	59955
700	8	59960
700	8	59965
700	8	59970
700	8	59975
700	8	59980
725	8	64220
725	8	64225
725	8	64230
725	8	64235
725	8	64240
725	8	64245
725	8	64250
725	8	64255
725	8	64260
725	8	64265
725	8	64270
725	8	64275
725	8	64280
725	8	64285
725	8	64290
725	8	64295
725	8	64300
725	8	64305
725	8	64310
725	8	64315
725	8	64320
725	8	64325
725	8	64330
725	8	64335
725	8	64340
725	8	64345
725	8	64350
725	8	64355
725	8	64360
725	8	64365
750	8	68760
750	8	68765
750	8	68770
750	8	68775
750	8	68780
750	8	68785
750	8	68790
750	8	68795
750	8	68800
750	8	68805
750	8	68810
750	8	68815
750	8	68820
750	8	68825
750	8	68830
750	8	68835
750	8	68840
750	8	68845
750	8	68850
750	8	68855
750	8	68860
750	8	68865
750	8	68870
750	8	68875
750	8	68880
750	8	68885
750	8	68890
750	8	68895
750	8	68900
750	8	68905
775	8	73455
775	8	73460
775	8	73465
775	8	73470
775	8	73475
775	8	73480
775	8	73485
775	8	73490
775	8	73495
775	8	73500
775	8	73505
775	8	73510
775	8	73515
775	8	73520
775	8	73525
775	8	73530
775	8	73535
775	8	73540
775	8	73545
775	8	73550
775	8	73555
775	8	73560
775	8	73565
775	8	73570
775	8	73575
775	8	73580
775	8	73585
775	8	73590
775	8	73595
775	8	73600
800	8	78300
800	8	78305
800	8	78310
800	8	78315
800	8	78320
800	8	78325
800	8	78330
800	8	78335
800	8	78340
800	8	78345
800	8	78350
800	8	78355
800	8	78360
800	8	78365
800	8	78370
800	8	78375
800	8	78380
800	8	78385
800	8	78390
800	8	78395
800	8	78400
800	8	78405
800	8	78410
800	8	78415
800	8	78420
800	8	78425
800	8	78430
800	8	78435
800	8	78440
800	8	78445
825	8	83300
825	8	83305
825	8	83310
825	8	83315
825	8	83320
825	8	83325
825	8	83330
825	8	83335
825	8	83340
825	8	83345
825	8	83350
825	8	83355
825	8	83360
825	8	83365
825	8	83370
825	8	83375
825	8	83380
825	8	83385
825	8	83390
825	8	83395
825	8	83400
825	8	83405
825	8	83410
825	8	83415
825	8	83420
825	8	83425
825	8	83430
825	8	83435
825	8	83440
825	8	83445
850	8	88455
850	8	88460
850	8	88465
850	8	88470
850	8	88475
850	8	88480
850	8	88485
850	8	88490
850	8	88495
850	8	88500
850	8	88505
850	8	88510
850	8	88515
850	8	88520
850	8	88525
850	8	88530
850	8	88535
850	8	88540
850	8	88545
850	8	88550
850	8	88555
850	8	88560
850	8	88565
850	8	88570
850	8	88575
850	8	88580
850	8	88585
850	8	88590
850	8	88595
850	8	88600
875	8	93760
875	8	93765
875	8	93770
875	8	93775
875	8	93780
875	8	93785
875	8	93790
875	8	93795
875	8	93800
875	8	93805
875	8	93810
875	8	93815
875	8	93820
875	8	93825
875	8	93830
875	8	93835
875	8	93840
875	8	93845
875	8	93850
875	8	93855
875	8	93860
875	8	93865
875	8	93870
875	8	93875
875	8	93880
875	8	93885
875	8	93890
875	8	93895
875	8	93900
875	8	93905
900	8	99220
900	8	99225
900	8	99230
900	8	99235
900	8	99240
900	8	99245
900	8	99250
900	8	99255
900	8	99260
900	8	99265
900	8	99270
900	8	99275
900	8	99280
900	8	99285
900	8	99290
900	8	99295
900	8	99300
900	8	99305
900	8	99310
900	8	99315
900	8	99320
900	8	99325
900	8	99330
900	8	99335
900	8	99340
900	8	99345
900	8	99350
900	8	99355
900	8	99360
900	8	99365
925	8	104835
925	8	104840
925	8	104845
925	8	104850
925	8	104855
925	8	104860
925	8	104865
925	8	104870
925	8	104875
925	8	104880
925	8	104885
925	8	104890
925	8	104895
925	8	104900
925	8	104905
925	8	104910
925	8	104915
925	8	104920
925	8	104925
925	8	104930
925	8	104935
925	8	104940
925	8	104945
925	8	104950
925	8	104955
925	8	104960
925	8	104965
925	8	104970
925	8	104975
925	8	104980
950	8	110605
950	8	110610
950	8	110615
950	8	110620
950	8	110625
950	8	110630
950	8	110635
950	8	110640
950	8	110645
950	8	110650
950	8	110655
950	8	110660
950	8	110665
950	8	110670
950	8	110675
950	8	110680
950	8	110685
950	8	110690
950	8	110695
950	8	110700
950	8	110705
950	8	110710
950	8	110715
950	8	110720
950	8	110725
950	8	110730
950	8	110735
950	8	110740
950	8	110745
950	8	110750
975	8	116530
975	8	116535
975	8	116540
975	8	116545
975	8	116550
975	8	116555
975	8	116560
975	8	116565
975	8	116570
975	8	116575
975	8	116580
975	8	116585
975	8	116590
975	8	116595
975	8	116600
975	8	116605
975	8	116610
975	8	116615
975	8	116620
975	8	116625
975	8	116630
975	8	116635
975	8	116640
975	8	116645
975	8	116650
975	8	116655
975	8	116660
975	8	116665
975	8	116670
975	8	116675
1000	8	122605
1000	8	122610
1000	8	122615
1000	8	122620
1000	8	122625
1000	8	122630
1000	8	122635
1000	8	122640
1000	8	122645
1000	8	122650
1000	8	122655
1000	8	122660
1000	8	122665
1000	8	122670
1000	8	122675
1000	8	122680
1000	8	122685
1000	8	122690
1000	8	122695
1000	8	122700
1000	8	122705
1000	8	122710
1000	8	122715
1000	8	122720
1000	8	122725
1000	8	122730
1000	8	122735
1000	8	122740
1000	8	122745
1000	8	122750
150	10	1990
150	10	1995
150	10	2000
150	10	2005
150	10	2010
150	10	2015
150	10	2020
150	10	2025
150	10	2030
150	10	2035
150	10	2040
150	10	2045
150	10	2050
150	10	2055
150	10	2060
150	10	2065
150	10	2070
150	10	2075
150	10	2080
150	10	2085
150	10	2090
150	10	2095
150	10	2100
150	10	2105
150	10	2110
150	10	2115
150	10	2120
150	10	2125
150	10	2130
150	10	2135
175	10	2795
175	10	2800
175	10	2805
175	10	2810
175	10	2815
175	10	2820
175	10	2825
175	10	2830
175	10	2835
175	10	2840
175	10	2845
175	10	2850
175	10	2855
175	10	2860
175	10	2865
175	10	2870
175	10	2875
175	10	2880
175	10	2885
175	10	2890
175	10	2895
175	10	2900
175	10	2905
175	10	2910
175	10	2915
175	10	2920
175	10	2925
175	10	2930
175	10	2935
175	10	2940
200	10	3720
200	10	3725
200	10	3730
200	10	3735
200	10	3740
200	10	3745
200	10	3750
200	10	3755
200	10	3760
200	10	3765
200	10	3770
200	10	3775
200	10	3780
200	10	3785
200	10	3790
200	10	3795
200	10	3800
200	10	3805
200	10	3810
200	10	3815
200	10	3820
200	10	3825
200	10	3830
200	10	3835
200	10	3840
200	10	3845
200	10	3850
200	10	3855
200	10	3860
200	10	3865
225	10	4775
225	10	4780
225	10	4785
225	10	4790
225	10	4795
225	10	4800
225	10	4805
225	10	4810
225	10	4815
225	10	4820
225	10	4825
225	10	4830
225	10	4835
225	10	4840
225	10	4845
225	10	4850
225	10	4855
225	10	4860
225	10	4865
225	10	4870
225	10	4875
225	10	4880
225	10	4885
225	10	4890
225	10	4895
225	10	4900
225	10	4905
225	10	4910
225	10	4915
225	10	4920
250	10	5950
250	10	5955
250	10	5960
250	10	5965
250	10	5970
250	10	5975
250	10	5980
250	10	5985
250	10	5990
250	10	5995
250	10	6000
250	10	6005
250	10	6010
250	10	6015
250	10	6020
250	10	6025
250	10	6030
250	10	6035
250	10	6040
250	10	6045
250	10	6050
250	10	6055
250	10	6060
250	10	6065
250	10	6070
250	10	6075
250	10	6080
250	10	6085
250	10	6090
250	10	6095
275	10	7250
275	10	7255
275	10	7260
275	10	7265
275	10	7270
275	10	7275
275	10	7280
275	10	7285
275	10	7290
275	10	7295
275	10	7300
275	10	7305
275	10	7310
275	10	7315
275	10	7320
275	10	7325
275	10	7330
275	10	7335
275	10	7340
275	10	7345
275	10	7350
275	10	7355
275	10	7360
275	10	7365
275	10	7370
275	10	7375
275	10	7380
275	10	7385
275	10	7390
275	10	7395
300	10	8675
300	10	8680
300	10	8685
300	10	8690
300	10	8695
300	10	8700
300	10	8705
300	10	8710
300	10	8715
300	10	8720
300	10	8725
300	10	8730
300	10	8735
300	10	8740
300	10	8745
300	10	8750
300	10	8755
300	10	8760
300	10	8765
300	10	8770
300	10	8775
300	10	8780
300	10	8785
300	10	8790
300	10	8795
300	10	8800
300	10	8805
300	10	8810
300	10	8815
300	10	8820
325	10	10220
325	10	10225
325	10	10230
325	10	10235
325	10	10240
325	10	10245
325	10	10250
325	10	10255
325	10	10260
325	10	10265
325	10	10270
325	10	10275
325	10	10280
325	10	10285
325	10	10290
325	10	10295
325	10	10300
325	10	10305
325	10	10310
325	10	10315
325	10	10320
325	10	10325
325	10	10330
325	10	10335
325	10	10340
325	10	10345
325	10	10350
325	10	10355
325	10	10360
325	10	10365
350	10	11890
350	10	11895
350	10	11900
350	10	11905
350	10	11910
350	10	11915
350	10	11920
350	10	11925
350	10	11930
350	10	11935
350	10	11940
350	10	11945
350	10	11950
350	10	11955
350	10	11960
350	10	11965
350	10	11970
350	10	11975
350	10	11980
350	10	11985
350	10	11990
350	10	11995
350	10	12000
350	10	12005
350	10	12010
350	10	12015
350	10	12020
350	10	12025
350	10	12030
350	10	12035
375	10	13685
375	10	13690
375	10	13695
375	10	13700
375	10	13705
375	10	13710
375	10	13715
375	10	13720
375	10	13725
375	10	13730
375	10	13735
375	10	13740
375	10	13745
375	10	13750
375	10	13755
375	10	13760
375	10	13765
375	10	13770
375	10	13775
375	10	13780
375	10	13785
375	10	13790
375	10	13795
375	10	13800
375	10	13805
375	10	13810
375	10	13815
375	10	13820
375	10	13825
375	10	13830
400	10	15605
400	10	15610
400	10	15615
400	10	15620
400	10	15625
400	10	15630
400	10	15635
400	10	15640
400	10	15645
400	10	15650
400	10	15655
400	10	15660
400	10	15665
400	10	15670
400	10	15675
400	10	15680
400	10	15685
400	10	15690
400	10	15695
400	10	15700
400	10	15705
400	10	15710
400	10	15715
400	10	15720
400	10	15725
400	10	15730
400	10	15735
400	10	15740
400	10	15745
400	10	15750
425	10	17645
425	10	17650
425	10	17655
425	10	17660
425	10	17665
425	10	17670
425	10	17675
425	10	17680
425	10	17685
425	10	17690
425	10	17695
425	10	17700
425	10	17705
425	10	17710
425	10	17715
425	10	17720
425	10	17725
425	10	17730
425	10	17735
425	10	17740
425	10	17745
425	10	17750
425	10	17755
425	10	17760
425	10	17765
425	10	17770
425	10	17775
425	10	17780
425	10	17785
425	10	17790
450	10	19810
450	10	19815
450	10	19820
450	10	19825
450	10	19830
450	10	19835
450	10	19840
450	10	19845
450	10	19850
450	10	19855
450	10	19860
450	10	19865
450	10	19870
450	10	19875
450	10	19880
450	10	19885
450	10	19890
450	10	19895
450	10	19900
450	10	19905
450	10	19910
450	10	19915
450	10	19920
450	10	19925
450	10	19930
450	10	19935
450	10	19940
450	10	19945
450	10	19950
450	10	19955
475	10	22100
475	10	22105
475	10	22110
475	10	22115
475	10	22120
475	10	22125
475	10	22130
475	10	22135
475	10	22140
475	10	22145
475	10	22150
475	10	22155
475	10	22160
475	10	22165
475	10	22170
475	10	22175
475	10	22180
475	10	22185
475	10	22190
475	10	22195
475	10	22200
475	10	22205
475	10	22210
475	10	22215
475	10	22220
475	10	22225
475	10	22230
475	10	22235
475	10	22240
475	10	22245
500	10	24515
500	10	24520
500	10	24525
500	10	24530
500	10	24535
500	10	24540
500	10	24545
500	10	24550
500	10	24555
500	10	24560
500	10	24565
500	10	24570
500	10	24575
500	10	24580
500	10	24585
500	10	24590
500	10	24595
500	10	24600
500	10	24605
500	10	24610
500	10	24615
500	10	24620
500	10	24625
500	10	24630
500	10	24635
500	10	24640
500	10	24645
500	10	24650
500	10	24655
500	10	24660
525	10	27050
525	10	27055
525	10	27060
525	10	27065
525	10	27070
525	10	27075
525	10	27080
525	10	27085
525	10	27090
525	10	27095
525	10	27100
525	10	27105
525	10	27110
525	10	27115
525	10	27120
525	10	27125
525	10	27130
525	10	27135
525	10	27140
525	10	27145
525	10	27150
525	10	27155
525	10	27160
525	10	27165
525	10	27170
525	10	27175
525	10	27180
525	10	27185
525	10	27190
525	10	27195
550	10	29710
550	10	29715
550	10	29720
550	10	29725
550	10	29730
550	10	29735
550	10	29740
550	10	29745
550	10	29750
550	10	29755
550	10	29760
550	10	29765
550	10	29770
550	10	29775
550	10	29780
550	10	29785
550	10	29790
550	10	29795
550	10	29800
550	10	29805
550	10	29810
550	10	29815
550	10	29820
550	10	29825
550	10	29830
550	10	29835
550	10	29840
550	10	29845
550	10	29850
550	10	29855
575	10	32495
575	10	32500
575	10	32505
575	10	32510
575	10	32515
575	10	32520
575	10	32525
575	10	32530
575	10	32535
575	10	32540
575	10	32545
575	10	32550
575	10	32555
575	10	32560
575	10	32565
575	10	32570
575	10	32575
575	10	32580
575	10	32585
575	10	32590
575	10	32595
575	10	32600
575	10	32605
575	10	32610
575	10	32615
575	10	32620
575	10	32625
575	10	32630
575	10	32635
575	10	32640
600	10	35405
600	10	35410
600	10	35415
600	10	35420
600	10	35425
600	10	35430
600	10	35435
600	10	35440
600	10	35445
600	10	35450
600	10	35455
600	10	35460
600	10	35465
600	10	35470
600	10	35475
600	10	35480
600	10	35485
600	10	35490
600	10	35495
600	10	35500
600	10	35505
600	10	35510
600	10	35515
600	10	35520
600	10	35525
600	10	35530
600	10	35535
600	10	35540
600	10	35545
600	10	35550
625	10	38435
625	10	38440
625	10	38445
625	10	38450
625	10	38455
625	10	38460
625	10	38465
625	10	38470
625	10	38475
625	10	38480
625	10	38485
625	10	38490
625	10	38495
625	10	38500
625	10	38505
625	10	38510
625	10	38515
625	10	38520
625	10	38525
625	10	38530
625	10	38535
625	10	38540
625	10	38545
625	10	38550
625	10	38555
625	10	38560
625	10	38565
625	10	38570
625	10	38575
625	10	38580
650	10	41595
650	10	41600
650	10	41605
650	10	41610
650	10	41615
650	10	41620
650	10	41625
650	10	41630
650	10	41635
650	10	41640
650	10	41645
650	10	41650
650	10	41655
650	10	41660
650	10	41665
650	10	41670
650	10	41675
650	10	41680
650	10	41685
650	10	41690
650	10	41695
650	10	41700
650	10	41705
650	10	41710
650	10	41715
650	10	41720
650	10	41725
650	10	41730
650	10	41735
650	10	41740
675	10	44875
675	10	44880
675	10	44885
675	10	44890
675	10	44895
675	10	44900
675	10	44905
675	10	44910
675	10	44915
675	10	44920
675	10	44925
675	10	44930
675	10	44935
675	10	44940
675	10	44945
675	10	44950
675	10	44955
675	10	44960
675	10	44965
675	10	44970
675	10	44975
675	10	44980
675	10	44985
675	10	44990
675	10	44995
675	10	45000
675	10	45005
675	10	45010
675	10	45015
675	10	45020
700	10	48275
700	10	48280
700	10	48285
700	10	48290
700	10	48295
700	10	48300
700	10	48305
700	10	48310
700	10	48315
700	10	48320
700	10	48325
700	10	48330
700	10	48335
700	10	48340
700	10	48345
700	10	48350
700	10	48355
700	10	48360
700	10	48365
700	10	48370
700	10	48375
700	10	48380
700	10	48385
700	10	48390
700	10	48395
700	10	48400
700	10	48405
700	10	48410
700	10	48415
700	10	48420
725	10	51805
725	10	51810
725	10	51815
725	10	51820
725	10	51825
725	10	51830
725	10	51835
725	10	51840
725	10	51845
725	10	51850
725	10	51855
725	10	51860
725	10	51865
725	10	51870
725	10	51875
725	10	51880
725	10	51885
725	10	51890
725	10	51895
725	10	51900
725	10	51905
725	10	51910
725	10	51915
725	10	51920
725	10	51925
725	10	51930
725	10	51935
725	10	51940
725	10	51945
725	10	51950
750	10	55455
750	10	55460
750	10	55465
750	10	55470
750	10	55475
750	10	55480
750	10	55485
750	10	55490
750	10	55495
750	10	55500
750	10	55505
750	10	55510
750	10	55515
750	10	55520
750	10	55525
750	10	55530
750	10	55535
750	10	55540
750	10	55545
750	10	55550
750	10	55555
750	10	55560
750	10	55565
750	10	55570
750	10	55575
750	10	55580
750	10	55585
750	10	55590
750	10	55595
750	10	55600
775	10	59230
775	10	59235
775	10	59240
775	10	59245
775	10	59250
775	10	59255
775	10	59260
775	10	59265
775	10	59270
775	10	59275
775	10	59280
775	10	59285
775	10	59290
775	10	59295
775	10	59300
775	10	59305
775	10	59310
775	10	59315
775	10	59320
775	10	59325
775	10	59330
775	10	59335
775	10	59340
775	10	59345
775	10	59350
775	10	59355
775	10	59360
775	10	59365
775	10	59370
775	10	59375
800	10	63130
800	10	63135
800	10	63140
800	10	63145
800	10	63150
800	10	63155
800	10	63160
800	10	63165
800	10	63170
800	10	63175
800	10	63180
800	10	63185
800	10	63190
800	10	63195
800	10	63200
800	10	63205
800	10	63210
800	10	63215
800	10	63220
800	10	63225
800	10	63230
800	10	63235
800	10	63240
800	10	63245
800	10	63250
800	10	63255
800	10	63260
800	10	63265
800	10	63270
800	10	63275
825	10	67150
825	10	67155
825	10	67160
825	10	67165
825	10	67170
825	10	67175
825	10	67180
825	10	67185
825	10	67190
825	10	67195
825	10	67200
825	10	67205
825	10	67210
825	10	67215
825	10	67220
825	10	67225
825	10	67230
825	10	67235
825	10	67240
825	10	67245
825	10	67250
825	10	67255
825	10	67260
825	10	67265
825	10	67270
825	10	67275
825	10	67280
825	10	67285
825	10	67290
825	10	67295
850	10	71295
850	10	71300
850	10	71305
850	10	71310
850	10	71315
850	10	71320
850	10	71325
850	10	71330
850	10	71335
850	10	71340
850	10	71345
850	10	71350
850	10	71355
850	10	71360
850	10	71365
850	10	71370
850	10	71375
850	10	71380
850	10	71385
850	10	71390
850	10	71395
850	10	71400
850	10	71405
850	10	71410
850	10	71415
850	10	71420
850	10	71425
850	10	71430
850	10	71435
850	10	71440
875	10	75565
875	10	75570
875	10	75575
875	10	75580
875	10	75585
875	10	75590
875	10	75595
875	10	75600
875	10	75605
875	10	75610
875	10	75615
875	10	75620
875	10	75625
875	10	75630
875	10	75635
875	10	75640
875	10	75645
875	10	75650
875	10	75655
875	10	75660
875	10	75665
875	10	75670
875	10	75675
875	10	75680
875	10	75685
875	10	75690
875	10	75695
875	10	75700
875	10	75705
875	10	75710
900	10	79960
900	10	79965
900	10	79970
900	10	79975
900	10	79980
900	10	79985
900	10	79990
900	10	79995
900	10	80000
900	10	80005
900	10	80010
900	10	80015
900	10	80020
900	10	80025
900	10	80030
900	10	80035
900	10	80040
900	10	80045
900	10	80050
900	10	80055
900	10	80060
900	10	80065
900	10	80070
900	10	80075
900	10	80080
900	10	80085
900	10	80090
900	10	80095
900	10	80100
900	10	80105
925	10	84475
925	10	84480
925	10	84485
925	10	84490
925	10	84495
925	10	84500
925	10	84505
925	10	84510
925	10	84515
925	10	84520
925	10	84525
925	10	84530
925	10	84535
925	10	84540
925	10	84545
925	10	84550
925	10	84555
925	10	84560
925	10	84565
925	10	84570
925	10	84575
925	10	84580
925	10	84585
925	10	84590
925	10	84595
925	10	84600
925	10	84605
925	10	84610
925	10	84615
925	10	84620
950	10	89120
950	10	89125
950	10	89130
950	10	89135
950	10	89140
950	10	89145
950	10	89150
950	10	89155
950	10	89160
950	10	89165
950	10	89170
950	10	89175
950	10	89180
950	10	89185
950	10	89190
950	10	89195
950	10	89200
950	10	89205
950	10	89210
950	10	89215
950	10	89220
950	10	89225
950	10	89230
950	10	89235
950	10	89240
950	10	89245
950	10	89250
950	10	89255
950	10	89260
950	10	89265
975	10	93885
975	10	93890
975	10	93895
975	10	93900
975	10	93905
975	10	93910
975	10	93915
975	10	93920
975	10	93925
975	10	93930
975	10	93935
975	10	93940
975	10	93945
975	10	93950
975	10	93955
975	10	93960
975	10	93965
975	10	93970
975	10	93975
975	10	93980
975	10	93985
975	10	93990
975	10	93995
975	10	94000
975	10	94005
975	10	94010
975	10	94015
975	10	94020
975	10	94025
975	10	94030
1000	10	98770
1000	10	98775
1000	10	98780
1000	10	98785
1000	10	98790
1000	10	98795
1000	10	98800
1000	10	98805
1000	10	98810
1000	10	98815
1000	10	98820
1000	10	98825
1000	10	98830
1000	10	98835
1000	10	98840
1000	10	98845
1000	10	98850
1000	10	98855
1000	10	98860
1000	10	98865
1000	10	98870
1000	10	98875
1000	10	98880
1000	10	98885
1000	10	98890
1000	10	98895
1000	10	98900
1000	10	98905
1000	10	98910
1000	10	98915
150	12	1725
150	12	1730
150	12	1735
150	12	1740
150	12	1745
150	12	1750
150	12	1755
150	12	1760
150	12	1765
150	12	1770
150	12	1775
150	12	1780
150	12	1785
150	12	1790
150	12	1795
150	12	1800
150	12	1805
150	12	1810
150	12	1815
150	12	1820
150	12	1825
150	12	1830
150	12	1835
150	12	1840
150	12	1845
150	12	1850
150	12	1855
150	12	1860
150	12	1865
150	12	1870
175	12	2400
175	12	2405
175	12	2410
175	12	2415
175	12	2420
175	12	2425
175	12	2430
175	12	2435
175	12	2440
175	12	2445
175	12	2450
175	12	2455
175	12	2460
175	12	2465
175	12	2470
175	12	2475
175	12	2480
175	12	2485
175	12	2490
175	12	2495
175	12	2500
175	12	2505
175	12	2510
175	12	2515
175	12	2520
175	12	2525
175	12	2530
175	12	2535
175	12	2540
200	12	3175
200	12	3180
200	12	3185
200	12	3190
200	12	3195
200	12	3200
200	12	3205
200	12	3210
200	12	3215
200	12	3220
200	12	3225
200	12	3230
200	12	3235
200	12	3240
200	12	3245
200	12	3250
200	12	3255
200	12	3260
200	12	3265
200	12	3270
200	12	3275
200	12	3280
200	12	3285
200	12	3290
200	12	3295
200	12	3300
200	12	3305
200	12	3310
200	12	3315
225	12	4055
225	12	4060
225	12	4065
225	12	4070
225	12	4075
225	12	4080
225	12	4085
225	12	4090
225	12	4095
225	12	4100
225	12	4105
225	12	4110
225	12	4115
225	12	4120
225	12	4125
225	12	4130
225	12	4135
225	12	4140
225	12	4145
225	12	4150
225	12	4155
225	12	4160
225	12	4165
225	12	4170
225	12	4175
225	12	4180
225	12	4185
225	12	4190
225	12	4195
250	12	5035
250	12	5040
250	12	5045
250	12	5050
250	12	5055
250	12	5060
250	12	5065
250	12	5070
250	12	5075
250	12	5080
250	12	5085
250	12	5090
250	12	5095
250	12	5100
250	12	5105
250	12	5110
250	12	5115
250	12	5120
250	12	5125
250	12	5130
250	12	5135
250	12	5140
250	12	5145
250	12	5150
250	12	5155
250	12	5160
250	12	5165
250	12	5170
250	12	5175
250	12	5180
275	12	6120
275	12	6125
275	12	6130
275	12	6135
275	12	6140
275	12	6145
275	12	6150
275	12	6155
275	12	6160
275	12	6165
275	12	6170
275	12	6175
275	12	6180
275	12	6185
275	12	6190
275	12	6195
275	12	6200
275	12	6205
275	12	6210
275	12	6215
275	12	6220
275	12	6225
275	12	6230
275	12	6235
275	12	6240
275	12	6245
275	12	6250
275	12	6255
275	12	6260
275	12	6265
300	12	7310
300	12	7315
300	12	7320
300	12	7325
300	12	7330
300	12	7335
300	12	7340
300	12	7345
300	12	7350
300	12	7355
300	12	7360
300	12	7365
300	12	7370
300	12	7375
300	12	7380
300	12	7385
300	12	7390
300	12	7395
300	12	7400
300	12	7405
300	12	7410
300	12	7415
300	12	7420
300	12	7425
300	12	7430
300	12	7435
300	12	7440
300	12	7445
300	12	7450
300	12	7455
325	12	8605
325	12	8610
325	12	8615
325	12	8620
325	12	8625
325	12	8630
325	12	8635
325	12	8640
325	12	8645
325	12	8650
325	12	8655
325	12	8660
325	12	8665
325	12	8670
325	12	8675
325	12	8680
325	12	8685
325	12	8690
325	12	8695
325	12	8700
325	12	8705
325	12	8710
325	12	8715
325	12	8720
325	12	8725
325	12	8730
325	12	8735
325	12	8740
325	12	8745
325	12	8750
350	12	10000
350	12	10005
350	12	10010
350	12	10015
350	12	10020
350	12	10025
350	12	10030
350	12	10035
350	12	10040
350	12	10045
350	12	10050
350	12	10055
350	12	10060
350	12	10065
350	12	10070
350	12	10075
350	12	10080
350	12	10085
350	12	10090
350	12	10095
350	12	10100
350	12	10105
350	12	10110
350	12	10115
350	12	10120
350	12	10125
350	12	10130
350	12	10135
350	12	10140
350	12	10145
375	12	11500
375	12	11505
375	12	11510
375	12	11515
375	12	11520
375	12	11525
375	12	11530
375	12	11535
375	12	11540
375	12	11545
375	12	11550
375	12	11555
375	12	11560
375	12	11565
375	12	11570
375	12	11575
375	12	11580
375	12	11585
375	12	11590
375	12	11595
375	12	11600
375	12	11605
375	12	11610
375	12	11615
375	12	11620
375	12	11625
375	12	11630
375	12	11635
375	12	11640
375	12	11645
400	12	13105
400	12	13110
400	12	13115
400	12	13120
400	12	13125
400	12	13130
400	12	13135
400	12	13140
400	12	13145
400	12	13150
400	12	13155
400	12	13160
400	12	13165
400	12	13170
400	12	13175
400	12	13180
400	12	13185
400	12	13190
400	12	13195
400	12	13200
400	12	13205
400	12	13210
400	12	13215
400	12	13220
400	12	13225
400	12	13230
400	12	13235
400	12	13240
400	12	13245
400	12	13250
425	12	14810
425	12	14815
425	12	14820
425	12	14825
425	12	14830
425	12	14835
425	12	14840
425	12	14845
425	12	14850
425	12	14855
425	12	14860
425	12	14865
425	12	14870
425	12	14875
425	12	14880
425	12	14885
425	12	14890
425	12	14895
425	12	14900
425	12	14905
425	12	14910
425	12	14915
425	12	14920
425	12	14925
425	12	14930
425	12	14935
425	12	14940
425	12	14945
425	12	14950
425	12	14955
450	12	16620
450	12	16625
450	12	16630
450	12	16635
450	12	16640
450	12	16645
450	12	16650
450	12	16655
450	12	16660
450	12	16665
450	12	16670
450	12	16675
450	12	16680
450	12	16685
450	12	16690
450	12	16695
450	12	16700
450	12	16705
450	12	16710
450	12	16715
450	12	16720
450	12	16725
450	12	16730
450	12	16735
450	12	16740
450	12	16745
450	12	16750
450	12	16755
450	12	16760
450	12	16765
475	12	18535
475	12	18540
475	12	18545
475	12	18550
475	12	18555
475	12	18560
475	12	18565
475	12	18570
475	12	18575
475	12	18580
475	12	18585
475	12	18590
475	12	18595
475	12	18600
475	12	18605
475	12	18610
475	12	18615
475	12	18620
475	12	18625
475	12	18630
475	12	18635
475	12	18640
475	12	18645
475	12	18650
475	12	18655
475	12	18660
475	12	18665
475	12	18670
475	12	18675
475	12	18680
500	12	20555
500	12	20560
500	12	20565
500	12	20570
500	12	20575
500	12	20580
500	12	20585
500	12	20590
500	12	20595
500	12	20600
500	12	20605
500	12	20610
500	12	20615
500	12	20620
500	12	20625
500	12	20630
500	12	20635
500	12	20640
500	12	20645
500	12	20650
500	12	20655
500	12	20660
500	12	20665
500	12	20670
500	12	20675
500	12	20680
500	12	20685
500	12	20690
500	12	20695
525	12	22675
525	12	22680
525	12	22685
525	12	22690
525	12	22695
525	12	22700
525	12	22705
525	12	22710
525	12	22715
525	12	22720
525	12	22725
525	12	22730
525	12	22735
525	12	22740
525	12	22745
525	12	22750
525	12	22755
525	12	22760
525	12	22765
525	12	22770
525	12	22775
525	12	22780
525	12	22785
525	12	22790
525	12	22795
525	12	22800
525	12	22805
525	12	22810
525	12	22815
550	12	24900
550	12	24905
550	12	24910
550	12	24915
550	12	24920
550	12	24925
550	12	24930
550	12	24935
550	12	24940
550	12	24945
550	12	24950
550	12	24955
550	12	24960
550	12	24965
550	12	24970
550	12	24975
550	12	24980
550	12	24985
550	12	24990
550	12	24995
550	12	25000
550	12	25005
550	12	25010
550	12	25015
550	12	25020
550	12	25025
550	12	25030
550	12	25035
550	12	25040
575	12	27225
575	12	27230
575	12	27235
575	12	27240
575	12	27245
575	12	27250
575	12	27255
575	12	27260
575	12	27265
575	12	27270
575	12	27275
575	12	27280
575	12	27285
575	12	27290
575	12	27295
575	12	27300
575	12	27305
575	12	27310
575	12	27315
575	12	27320
575	12	27325
575	12	27330
575	12	27335
575	12	27340
575	12	27345
575	12	27350
575	12	27355
575	12	27360
575	12	27365
575	12	27370
600	12	29655
600	12	29660
600	12	29665
600	12	29670
600	12	29675
600	12	29680
600	12	29685
600	12	29690
600	12	29695
600	12	29700
600	12	29705
600	12	29710
600	12	29715
600	12	29720
600	12	29725
600	12	29730
600	12	29735
600	12	29740
600	12	29745
600	12	29750
600	12	29755
600	12	29760
600	12	29765
600	12	29770
600	12	29775
600	12	29780
600	12	29785
600	12	29790
600	12	29795
600	12	29800
625	12	32190
625	12	32195
625	12	32200
625	12	32205
625	12	32210
625	12	32215
625	12	32220
625	12	32225
625	12	32230
625	12	32235
625	12	32240
625	12	32245
625	12	32250
625	12	32255
625	12	32260
625	12	32265
625	12	32270
625	12	32275
625	12	32280
625	12	32285
625	12	32290
625	12	32295
625	12	32300
625	12	32305
625	12	32310
625	12	32315
625	12	32320
625	12	32325
625	12	32330
625	12	32335
650	12	34830
650	12	34835
650	12	34840
650	12	34845
650	12	34850
650	12	34855
650	12	34860
650	12	34865
650	12	34870
650	12	34875
650	12	34880
650	12	34885
650	12	34890
650	12	34895
650	12	34900
650	12	34905
650	12	34910
650	12	34915
650	12	34920
650	12	34925
650	12	34930
650	12	34935
650	12	34940
650	12	34945
650	12	34950
650	12	34955
650	12	34960
650	12	34965
650	12	34970
675	12	37570
675	12	37575
675	12	37580
675	12	37585
675	12	37590
675	12	37595
675	12	37600
675	12	37605
675	12	37610
675	12	37615
675	12	37620
675	12	37625
675	12	37630
675	12	37635
675	12	37640
675	12	37645
675	12	37650
675	12	37655
675	12	37660
675	12	37665
675	12	37670
675	12	37675
675	12	37680
675	12	37685
675	12	37690
675	12	37695
675	12	37700
675	12	37705
675	12	37710
675	12	37715
700	12	40415
700	12	40420
700	12	40425
700	12	40430
700	12	40435
700	12	40440
700	12	40445
700	12	40450
700	12	40455
700	12	40460
700	12	40465
700	12	40470
700	12	40475
700	12	40480
700	12	40485
700	12	40490
700	12	40495
700	12	40500
700	12	40505
700	12	40510
700	12	40515
700	12	40520
700	12	40525
700	12	40530
700	12	40535
700	12	40540
700	12	40545
700	12	40550
700	12	40555
700	12	40560
725	12	43365
725	12	43370
725	12	43375
725	12	43380
725	12	43385
725	12	43390
725	12	43395
725	12	43400
725	12	43405
725	12	43410
725	12	43415
725	12	43420
725	12	43425
725	12	43430
725	12	43435
725	12	43440
725	12	43445
725	12	43450
725	12	43455
725	12	43460
725	12	43465
725	12	43470
725	12	43475
725	12	43480
725	12	43485
725	12	43490
725	12	43495
725	12	43500
725	12	43505
750	12	46415
750	12	46420
750	12	46425
750	12	46430
750	12	46435
750	12	46440
750	12	46445
750	12	46450
750	12	46455
750	12	46460
750	12	46465
750	12	46470
750	12	46475
750	12	46480
750	12	46485
750	12	46490
750	12	46495
750	12	46500
750	12	46505
750	12	46510
750	12	46515
750	12	46520
750	12	46525
750	12	46530
750	12	46535
750	12	46540
750	12	46545
750	12	46550
750	12	46555
750	12	46560
775	12	49570
775	12	49575
775	12	49580
775	12	49585
775	12	49590
775	12	49595
775	12	49600
775	12	49605
775	12	49610
775	12	49615
775	12	49620
775	12	49625
775	12	49630
775	12	49635
775	12	49640
775	12	49645
775	12	49650
775	12	49655
775	12	49660
775	12	49665
775	12	49670
775	12	49675
775	12	49680
775	12	49685
775	12	49690
775	12	49695
775	12	49700
775	12	49705
775	12	49710
775	12	49715
800	12	52830
800	12	52835
800	12	52840
800	12	52845
800	12	52850
800	12	52855
800	12	52860
800	12	52865
800	12	52870
800	12	52875
800	12	52880
800	12	52885
800	12	52890
800	12	52895
800	12	52900
800	12	52905
800	12	52910
800	12	52915
800	12	52920
800	12	52925
800	12	52930
800	12	52935
800	12	52940
800	12	52945
800	12	52950
800	12	52955
800	12	52960
800	12	52965
800	12	52970
825	12	56190
825	12	56195
825	12	56200
825	12	56205
825	12	56210
825	12	56215
825	12	56220
825	12	56225
825	12	56230
825	12	56235
825	12	56240
825	12	56245
825	12	56250
825	12	56255
825	12	56260
825	12	56265
825	12	56270
825	12	56275
825	12	56280
825	12	56285
825	12	56290
825	12	56295
825	12	56300
825	12	56305
825	12	56310
825	12	56315
825	12	56320
825	12	56325
825	12	56330
825	12	56335
850	12	59655
850	12	59660
850	12	59665
850	12	59670
850	12	59675
850	12	59680
850	12	59685
850	12	59690
850	12	59695
850	12	59700
850	12	59705
850	12	59710
850	12	59715
850	12	59720
850	12	59725
850	12	59730
850	12	59735
850	12	59740
850	12	59745
850	12	59750
850	12	59755
850	12	59760
850	12	59765
850	12	59770
850	12	59775
850	12	59780
850	12	59785
850	12	59790
850	12	59795
850	12	59800
875	12	63225
875	12	63230
875	12	63235
875	12	63240
875	12	63245
875	12	63250
875	12	63255
875	12	63260
875	12	63265
875	12	63270
875	12	63275
875	12	63280
875	12	63285
875	12	63290
875	12	63295
875	12	63300
875	12	63305
875	12	63310
875	12	63315
875	12	63320
875	12	63325
875	12	63330
875	12	63335
875	12	63340
875	12	63345
875	12	63350
875	12	63355
875	12	63360
875	12	63365
875	12	63370
900	12	66900
900	12	66905
900	12	66910
900	12	66915
900	12	66920
900	12	66925
900	12	66930
900	12	66935
900	12	66940
900	12	66945
900	12	66950
900	12	66955
900	12	66960
900	12	66965
900	12	66970
900	12	66975
900	12	66980
900	12	66985
900	12	66990
900	12	66995
900	12	67000
900	12	67005
900	12	67010
900	12	67015
900	12	67020
900	12	67025
900	12	67030
900	12	67035
900	12	67040
925	12	70675
925	12	70680
925	12	70685
925	12	70690
925	12	70695
925	12	70700
925	12	70705
925	12	70710
925	12	70715
925	12	70720
925	12	70725
925	12	70730
925	12	70735
925	12	70740
925	12	70745
925	12	70750
925	12	70755
925	12	70760
925	12	70765
925	12	70770
925	12	70775
925	12	70780
925	12	70785
925	12	70790
925	12	70795
925	12	70800
925	12	70805
925	12	70810
925	12	70815
950	12	74555
950	12	74560
950	12	74565
950	12	74570
950	12	74575
950	12	74580
950	12	74585
950	12	74590
950	12	74595
950	12	74600
950	12	74605
950	12	74610
950	12	74615
950	12	74620
950	12	74625
950	12	74630
950	12	74635
950	12	74640
950	12	74645
950	12	74650
950	12	74655
950	12	74660
950	12	74665
950	12	74670
950	12	74675
950	12	74680
950	12	74685
950	12	74690
950	12	74695
975	12	78535
975	12	78540
975	12	78545
975	12	78550
975	12	78555
975	12	78560
975	12	78565
975	12	78570
975	12	78575
975	12	78580
975	12	78585
975	12	78590
975	12	78595
975	12	78600
975	12	78605
975	12	78610
975	12	78615
975	12	78620
975	12	78625
975	12	78630
975	12	78635
975	12	78640
975	12	78645
975	12	78650
975	12	78655
975	12	78660
975	12	78665
975	12	78670
975	12	78675
975	12	78680
1000	12	82620
1000	12	82625
1000	12	82630
1000	12	82635
1000	12	82640
1000	12	82645
1000	12	82650
1000	12	82655
1000	12	82660
1000	12	82665
1000	12	82670
1000	12	82675
1000	12	82680
1000	12	82685
1000	12	82690
1000	12	82695
1000	12	82700
1000	12	82705
1000	12	82710
1000	12	82715
1000	12	82720
1000	12	82725
1000	12	82730
1000	12	82735
1000	12	82740
1000	12	82745
1000	12	82750
1000	12	82755
1000	12	82760
1000	12	82765
150	14	1515
150	14	1520
150	14	1525
150	14	1530
150	14	1535
150	14	1540
150	14	1545
150	14	1550
150	14	1555
150	14	1560
150	14	1565
150	14	1570
150	14	1575
150	14	1580
150	14	1585
150	14	1590
150	14	1595
150	14	1600
175	14	2090
175	14	2095
175	14	2100
175	14	2105
175	14	2110
175	14	2115
175	14	2120
175	14	2125
175	14	2130
175	14	2135
175	14	2140
175	14	2145
175	14	2150
175	14	2155
175	14	2160
175	14	2165
175	14	2170
175	14	2175
175	14	2180
200	14	2760
200	14	2765
200	14	2770
200	14	2775
200	14	2780
200	14	2785
200	14	2790
200	14	2795
200	14	2800
200	14	2805
200	14	2810
200	14	2815
200	14	2820
200	14	2825
200	14	2830
200	14	2835
200	14	2840
200	14	2845
225	14	3515
225	14	3520
225	14	3525
225	14	3530
225	14	3535
225	14	3540
225	14	3545
225	14	3550
225	14	3555
225	14	3560
225	14	3565
225	14	3570
225	14	3575
225	14	3580
225	14	3585
225	14	3590
225	14	3595
225	14	3600
250	14	4355
250	14	4360
250	14	4365
250	14	4370
250	14	4375
250	14	4380
250	14	4385
250	14	4390
250	14	4395
250	14	4400
250	14	4405
250	14	4410
250	14	4415
250	14	4420
250	14	4425
250	14	4430
250	14	4435
250	14	4440
250	14	4445
275	14	5290
275	14	5295
275	14	5300
275	14	5305
275	14	5310
275	14	5315
275	14	5320
275	14	5325
275	14	5330
275	14	5335
275	14	5340
275	14	5345
275	14	5350
275	14	5355
275	14	5360
275	14	5365
275	14	5370
275	14	5375
275	14	5380
300	14	6310
300	14	6315
300	14	6320
300	14	6325
300	14	6330
300	14	6335
300	14	6340
300	14	6345
300	14	6350
300	14	6355
300	14	6360
300	14	6365
300	14	6370
300	14	6375
300	14	6380
300	14	6385
300	14	6390
300	14	6395
300	14	6400
325	14	7420
325	14	7425
325	14	7430
325	14	7435
325	14	7440
325	14	7445
325	14	7450
325	14	7455
325	14	7460
325	14	7465
325	14	7470
325	14	7475
325	14	7480
325	14	7485
325	14	7490
325	14	7495
325	14	7500
325	14	7505
325	14	7510
350	14	8620
350	14	8625
350	14	8630
350	14	8635
350	14	8640
350	14	8645
350	14	8650
350	14	8655
350	14	8660
350	14	8665
350	14	8670
350	14	8675
350	14	8680
350	14	8685
350	14	8690
350	14	8695
350	14	8700
350	14	8705
350	14	8710
375	14	9910
375	14	9915
375	14	9920
375	14	9925
375	14	9930
375	14	9935
375	14	9940
375	14	9945
375	14	9950
375	14	9955
375	14	9960
375	14	9965
375	14	9970
375	14	9975
375	14	9980
375	14	9985
375	14	9990
375	14	9995
400	14	11285
400	14	11290
400	14	11295
400	14	11300
400	14	11305
400	14	11310
400	14	11315
400	14	11320
400	14	11325
400	14	11330
400	14	11335
400	14	11340
400	14	11345
400	14	11350
400	14	11355
400	14	11360
400	14	11365
400	14	11370
400	14	11375
425	14	12750
425	14	12755
425	14	12760
425	14	12765
425	14	12770
425	14	12775
425	14	12780
425	14	12785
425	14	12790
425	14	12795
425	14	12800
425	14	12805
425	14	12810
425	14	12815
425	14	12820
425	14	12825
425	14	12830
425	14	12835
425	14	12840
450	14	14305
450	14	14310
450	14	14315
450	14	14320
450	14	14325
450	14	14330
450	14	14335
450	14	14340
450	14	14345
450	14	14350
450	14	14355
450	14	14360
450	14	14365
450	14	14370
450	14	14375
450	14	14380
450	14	14385
450	14	14390
450	14	14395
475	14	15950
475	14	15955
475	14	15960
475	14	15965
475	14	15970
475	14	15975
475	14	15980
475	14	15985
475	14	15990
475	14	15995
475	14	16000
475	14	16005
475	14	16010
475	14	16015
475	14	16020
475	14	16025
475	14	16030
475	14	16035
500	14	17680
500	14	17685
500	14	17690
500	14	17695
500	14	17700
500	14	17705
500	14	17710
500	14	17715
500	14	17720
500	14	17725
500	14	17730
500	14	17735
500	14	17740
500	14	17745
500	14	17750
500	14	17755
500	14	17760
500	14	17765
500	14	17770
525	14	19505
525	14	19510
525	14	19515
525	14	19520
525	14	19525
525	14	19530
525	14	19535
525	14	19540
525	14	19545
525	14	19550
525	14	19555
525	14	19560
525	14	19565
525	14	19570
525	14	19575
525	14	19580
525	14	19585
525	14	19590
550	14	21415
550	14	21420
550	14	21425
550	14	21430
550	14	21435
550	14	21440
550	14	21445
550	14	21450
550	14	21455
550	14	21460
550	14	21465
550	14	21470
550	14	21475
550	14	21480
550	14	21485
550	14	21490
550	14	21495
550	14	21500
575	14	23410
575	14	23415
575	14	23420
575	14	23425
575	14	23430
575	14	23435
575	14	23440
575	14	23445
575	14	23450
575	14	23455
575	14	23460
575	14	23465
575	14	23470
575	14	23475
575	14	23480
575	14	23485
575	14	23490
575	14	23495
575	14	23500
600	14	25500
600	14	25505
600	14	25510
600	14	25515
600	14	25520
600	14	25525
600	14	25530
600	14	25535
600	14	25540
600	14	25545
600	14	25550
600	14	25555
600	14	25560
600	14	25565
600	14	25570
600	14	25575
600	14	25580
600	14	25585
625	14	27675
625	14	27680
625	14	27685
625	14	27690
625	14	27695
625	14	27700
625	14	27705
625	14	27710
625	14	27715
625	14	27720
625	14	27725
625	14	27730
625	14	27735
625	14	27740
625	14	27745
625	14	27750
625	14	27755
625	14	27760
625	14	27765
650	14	29940
650	14	29945
650	14	29950
650	14	29955
650	14	29960
650	14	29965
650	14	29970
650	14	29975
650	14	29980
650	14	29985
650	14	29990
650	14	29995
650	14	30000
650	14	30005
650	14	30010
650	14	30015
650	14	30020
650	14	30025
650	14	30030
675	14	32295
675	14	32300
675	14	32305
675	14	32310
675	14	32315
675	14	32320
675	14	32325
675	14	32330
675	14	32335
675	14	32340
675	14	32345
675	14	32350
675	14	32355
675	14	32360
675	14	32365
675	14	32370
675	14	32375
675	14	32380
675	14	32385
700	14	34740
700	14	34745
700	14	34750
700	14	34755
700	14	34760
700	14	34765
700	14	34770
700	14	34775
700	14	34780
700	14	34785
700	14	34790
700	14	34795
700	14	34800
700	14	34805
700	14	34810
700	14	34815
700	14	34820
700	14	34825
725	14	37270
725	14	37275
725	14	37280
725	14	37285
725	14	37290
725	14	37295
725	14	37300
725	14	37305
725	14	37310
725	14	37315
725	14	37320
725	14	37325
725	14	37330
725	14	37335
725	14	37340
725	14	37345
725	14	37350
725	14	37355
750	14	39890
750	14	39895
750	14	39900
750	14	39905
750	14	39910
750	14	39915
750	14	39920
750	14	39925
750	14	39930
750	14	39935
750	14	39940
750	14	39945
750	14	39950
750	14	39955
750	14	39960
750	14	39965
750	14	39970
750	14	39975
750	14	39980
775	14	42600
775	14	42605
775	14	42610
775	14	42615
775	14	42620
775	14	42625
775	14	42630
775	14	42635
775	14	42640
775	14	42645
775	14	42650
775	14	42655
775	14	42660
775	14	42665
775	14	42670
775	14	42675
775	14	42680
775	14	42685
800	14	45395
800	14	45400
800	14	45405
800	14	45410
800	14	45415
800	14	45420
800	14	45425
800	14	45430
800	14	45435
800	14	45440
800	14	45445
800	14	45450
800	14	45455
800	14	45460
800	14	45465
800	14	45470
800	14	45475
800	14	45480
800	14	45485
825	14	48285
825	14	48290
825	14	48295
825	14	48300
825	14	48305
825	14	48310
825	14	48315
825	14	48320
825	14	48325
825	14	48330
825	14	48335
825	14	48340
825	14	48345
825	14	48350
825	14	48355
825	14	48360
825	14	48365
825	14	48370
850	14	51260
850	14	51265
850	14	51270
850	14	51275
850	14	51280
850	14	51285
850	14	51290
850	14	51295
850	14	51300
850	14	51305
850	14	51310
850	14	51315
850	14	51320
850	14	51325
850	14	51330
850	14	51335
850	14	51340
850	14	51345
850	14	51350
875	14	54325
875	14	54330
875	14	54335
875	14	54340
875	14	54345
875	14	54350
875	14	54355
875	14	54360
875	14	54365
875	14	54370
875	14	54375
875	14	54380
875	14	54385
875	14	54390
875	14	54395
875	14	54400
875	14	54405
875	14	54410
875	14	54415
900	14	57480
900	14	57485
900	14	57490
900	14	57495
900	14	57500
900	14	57505
900	14	57510
900	14	57515
900	14	57520
900	14	57525
900	14	57530
900	14	57535
900	14	57540
900	14	57545
900	14	57550
900	14	57555
900	14	57560
900	14	57565
925	14	60720
925	14	60725
925	14	60730
925	14	60735
925	14	60740
925	14	60745
925	14	60750
925	14	60755
925	14	60760
925	14	60765
925	14	60770
925	14	60775
925	14	60780
925	14	60785
925	14	60790
925	14	60795
925	14	60800
925	14	60805
925	14	60810
950	14	64050
950	14	64055
950	14	64060
950	14	64065
950	14	64070
950	14	64075
950	14	64080
950	14	64085
950	14	64090
950	14	64095
950	14	64100
950	14	64105
950	14	64110
950	14	64115
950	14	64120
950	14	64125
950	14	64130
950	14	64135
950	14	64140
975	14	67470
975	14	67475
975	14	67480
975	14	67485
975	14	67490
975	14	67495
975	14	67500
975	14	67505
975	14	67510
975	14	67515
975	14	67520
975	14	67525
975	14	67530
975	14	67535
975	14	67540
975	14	67545
975	14	67550
975	14	67555
975	14	67560
1000	14	70980
1000	14	70985
1000	14	70990
1000	14	70995
1000	14	71000
1000	14	71005
1000	14	71010
1000	14	71015
1000	14	71020
1000	14	71025
1000	14	71030
1000	14	71035
1000	14	71040
1000	14	71045
1000	14	71050
1000	14	71055
1000	14	71060
1000	14	71065
1000	14	71070
150	16	1345
150	16	1350
150	16	1355
150	16	1360
150	16	1365
150	16	1370
150	16	1375
150	16	1380
150	16	1385
150	16	1390
150	16	1395
150	16	1400
175	16	1850
175	16	1855
175	16	1860
175	16	1865
175	16	1870
175	16	1875
175	16	1880
175	16	1885
175	16	1890
175	16	1895
175	16	1900
175	16	1905
175	16	1910
200	16	2435
200	16	2440
200	16	2445
200	16	2450
200	16	2455
200	16	2460
200	16	2465
200	16	2470
200	16	2475
200	16	2480
200	16	2485
200	16	2490
225	16	3095
225	16	3100
225	16	3105
225	16	3110
225	16	3115
225	16	3120
225	16	3125
225	16	3130
225	16	3135
225	16	3140
225	16	3145
225	16	3150
225	16	3155
250	16	3835
250	16	3840
250	16	3845
250	16	3850
250	16	3855
250	16	3860
250	16	3865
250	16	3870
250	16	3875
250	16	3880
250	16	3885
250	16	3890
275	16	4650
275	16	4655
275	16	4660
275	16	4665
275	16	4670
275	16	4675
275	16	4680
275	16	4685
275	16	4690
275	16	4695
275	16	4700
275	16	4705
275	16	4710
300	16	5545
300	16	5550
300	16	5555
300	16	5560
300	16	5565
300	16	5570
300	16	5575
300	16	5580
300	16	5585
300	16	5590
300	16	5595
300	16	5600
300	16	5605
325	16	6520
325	16	6525
325	16	6530
325	16	6535
325	16	6540
325	16	6545
325	16	6550
325	16	6555
325	16	6560
325	16	6565
325	16	6570
325	16	6575
350	16	7570
350	16	7575
350	16	7580
350	16	7585
350	16	7590
350	16	7595
350	16	7600
350	16	7605
350	16	7610
350	16	7615
350	16	7620
350	16	7625
350	16	7630
375	16	8700
375	16	8705
375	16	8710
375	16	8715
375	16	8720
375	16	8725
375	16	8730
375	16	8735
375	16	8740
375	16	8745
375	16	8750
375	16	8755
400	16	9905
400	16	9910
400	16	9915
400	16	9920
400	16	9925
400	16	9930
400	16	9935
400	16	9940
400	16	9945
400	16	9950
400	16	9955
400	16	9960
425	16	11190
425	16	11195
425	16	11200
425	16	11205
425	16	11210
425	16	11215
425	16	11220
425	16	11225
425	16	11230
425	16	11235
425	16	11240
425	16	11245
450	16	12550
450	16	12555
450	16	12560
450	16	12565
450	16	12570
450	16	12575
450	16	12580
450	16	12585
450	16	12590
450	16	12595
450	16	12600
450	16	12605
450	16	12610
475	16	13990
475	16	13995
475	16	14000
475	16	14005
475	16	14010
475	16	14015
475	16	14020
475	16	14025
475	16	14030
475	16	14035
475	16	14040
475	16	14045
475	16	14050
500	16	15510
500	16	15515
500	16	15520
500	16	15525
500	16	15530
500	16	15535
500	16	15540
500	16	15545
500	16	15550
500	16	15555
500	16	15560
500	16	15565
525	16	17105
525	16	17110
525	16	17115
525	16	17120
525	16	17125
525	16	17130
525	16	17135
525	16	17140
525	16	17145
525	16	17150
525	16	17155
525	16	17160
550	16	18775
550	16	18780
550	16	18785
550	16	18790
550	16	18795
550	16	18800
550	16	18805
550	16	18810
550	16	18815
550	16	18820
550	16	18825
550	16	18830
550	16	18835
575	16	20530
575	16	20535
575	16	20540
575	16	20545
575	16	20550
575	16	20555
575	16	20560
575	16	20565
575	16	20570
575	16	20575
575	16	20580
575	16	20585
