500	30	8316
500	30	8318
500	30	8320
500	30	8322
500	30	8324
525	30	9170
525	30	9172
525	30	9174
525	30	9176
550	30	10064
550	30	10066
550	30	10068
550	30	10070
550	30	10072
575	30	11000
575	30	11002
575	30	11004
575	30	11006
575	30	11008
600	30	11978
600	30	11980
600	30	11982
600	30	11984
600	30	11986
625	30	12998
625	30	13000
625	30	13002
625	30	13004
625	30	13006
650	30	14060
650	30	14062
650	30	14064
650	30	14066
650	30	14068
675	30	15162
675	30	15164
675	30	15166
675	30	15168
675	30	15170
700	30	16308
700	30	16310
700	30	16312
700	30	16314
725	30	17494
725	30	17496
725	30	17498
725	30	17500
750	30	18722
750	30	18724
750	30	18726
750	30	18728
775	30	19990
775	30	19992
775	30	19994
775	30	19996
775	30	19998
800	30	21302
800	30	21304
800	30	21306
800	30	21308
800	30	21310
825	30	22654
825	30	22656
825	30	22658
825	30	22660
825	30	22662
850	30	24048
850	30	24050
850	30	24052
850	30	24054
850	30	24056
875	30	25484
875	30	25486
875	30	25488
875	30	25490
875	30	25492
900	30	26962
900	30	26964
900	30	26966
900	30	26968
900	30	26970
925	30	28482
925	30	28484
925	30	28486
925	30	28488
950	30	30042
950	30	30044
950	30	30046
950	30	30048
950	30	30050
975	30	31644
975	30	31646
975	30	31648
975	30	31650
975	30	31652
500	32	7798
500	32	7800
500	32	7802
500	32	7804
525	32	8598
525	32	8600
525	32	8602
525	32	8604
550	32	9438
550	32	9440
550	32	9442
550	32	9444
575	32	10316
575	32	10318
575	32	10320
575	32	10322
600	32	11232
600	32	11234
600	32	11236
600	32	11238
625	32	12188
625	32	12190
625	32	12192
625	32	12194
650	32	13184
650	32	13186
650	32	13188
650	32	13190
675	32	14218
675	32	14220
675	32	14222
675	32	14224
700	32	15292
700	32	15294
700	32	15296
700	32	15298
725	32	16404
725	32	16406
725	32	16408
725	32	16410
750	32	17554
750	32	17556
750	32	17558
750	32	17560
775	32	18744
775	32	18746
775	32	18748
775	32	18750
800	32	19974
800	32	19976
800	32	19978
800	32	19980
825	32	21242
825	32	21244
825	32	21246
825	32	21248
850	32	22550
850	32	22552
850	32	22554
850	32	22556
875	32	23896
875	32	23898
875	32	23900
875	32	23902
900	32	25282
900	32	25284
900	32	25286
900	32	25288
925	32	26706
925	32	26708
925	32	26710
925	32	26712
950	32	28170
950	32	28172
950	32	28174
950	32	28176
975	32	29672
975	32	29674
975	32	29676
975	32	29678
1000	32	31214
1000	32	31216
1000	32	31218
500	34	7342
500	34	7344
500	34	7346
525	34	8094
525	34	8096
525	34	8098
525	34	8100
550	34	8884
550	34	8886
550	34	8888
575	34	9710
575	34	9712
575	34	9714
575	34	9716
600	34	10574
600	34	10576
600	34	10578
625	34	11474
625	34	11476
625	34	11478
650	34	12410
650	34	12412
650	34	12414
650	34	12416
675	34	13384
675	34	13386
675	34	13388
700	34	14394
700	34	14396
700	34	14398
725	34	15442
725	34	15444
725	34	15446
750	34	16524
750	34	16526
750	34	16528
750	34	16530
775	34	17646
775	34	17648
775	34	17650
800	34	18802
800	34	18804
800	34	18806
825	34	19996
825	34	19998
825	34	20000
850	34	21226
850	34	21228
850	34	21230
850	34	21232
875	34	22494
875	34	22496
875	34	22498
900	34	23798
900	34	23800
900	34	23802
925	34	25138
925	34	25140
925	34	25142
925	34	25144
950	34	26516
950	34	26518
950	34	26520
975	34	27930
975	34	27932
975	34	27934
1000	34	29382
1000	34	29384
1000	34	29386
500	36	6934
500	36	6936
500	36	6938
525	36	7646
525	36	7648
525	36	7650
550	36	8392
550	36	8394
550	36	8396
575	36	9172
575	36	9174
575	36	9176
600	36	9988
600	36	9990
600	36	9992
625	36	10838
625	36	10840
625	36	10842
650	36	11722
650	36	11724
650	36	11726
675	36	12642
675	36	12644
675	36	12646
700	36	13596
700	36	13598
700	36	13600
725	36	14586
725	36	14588
750	36	15608
750	36	15610
750	36	15612
775	36	16668
775	36	16670
800	36	17760
800	36	17762
800	36	17764
825	36	18888
825	36	18890
825	36	18892
850	36	20050
850	36	20052
850	36	20054
875	36	21246
875	36	21248
875	36	21250
900	36	22478
900	36	22480
900	36	22482
925	36	23744
925	36	23746
925	36	23748
950	36	25046
950	36	25048
950	36	25050
975	36	26382
975	36	26384
975	36	26386
1000	36	27752
1000	36	27754
1000	36	27756
500	38	6572
500	38	6574
525	38	7244
525	38	7246
525	38	7248
550	38	7952
550	38	7954
575	38	8692
575	38	8694
600	38	9464
600	38	9466
625	38	10270
625	38	10272
650	38	11108
650	38	11110
675	38	11978
675	38	11980
675	38	11982
700	38	12882
700	38	12884
700	38	12886
725	38	13820
725	38	13822
750	38	14790
750	38	14792
775	38	15792
775	38	15794
800	38	16828
800	38	16830
825	38	17896
825	38	17898
850	38	18996
850	38	18998
850	38	19000
875	38	20130
875	38	20132
875	38	20134
900	38	21298
900	38	21300
925	38	22498
925	38	22500
950	38	23730
950	38	23732
975	38	24996
975	38	24998
1000	38	26294
1000	38	26296
500	40	6244
500	40	6246
525	40	6884
525	40	6886
550	40	7556
550	40	7558
575	40	8258
575	40	8260
600	40	8992
600	40	8994
625	40	9756
625	40	9758
650	40	10554
650	40	10556
675	40	11380
675	40	11382
700	40	12240
700	40	12242
725	40	13130
725	40	13132
750	40	14050
750	40	14052
775	40	15004
775	40	15006
800	40	15988
800	40	15990
825	40	17002
825	40	17004
850	40	18048
850	40	18050
875	40	19126
875	40	19128
900	40	20234
900	40	20236
925	40	21374
925	40	21376
950	40	22546
950	40	22548
975	40	23748
975	40	23750
1000	40	24982
1000	40	24984
