150	38	588
150	38	589
150	38	590
150	38	591
175	38	802
175	38	803
175	38	804
175	38	805
200	38	1048
200	38	1049
200	38	1050
200	38	1051
200	38	1052
225	38	1327
225	38	1328
225	38	1329
225	38	1330
225	38	1331
250	38	1640
250	38	1641
250	38	1642
250	38	1643
275	38	1985
275	38	1986
275	38	1987
275	38	1988
275	38	1989
300	38	2363
300	38	2364
300	38	2365
300	38	2366
300	38	2367
325	38	2774
325	38	2775
325	38	2776
325	38	2777
350	38	3218
350	38	3219
350	38	3220
350	38	3221
375	38	3694
375	38	3695
375	38	3696
375	38	3697
375	38	3698
400	38	4204
400	38	4205
400	38	4206
400	38	4207
425	38	4746
425	38	4747
425	38	4748
425	38	4749
425	38	4750
450	38	5321
450	38	5322
450	38	5323
450	38	5324
450	38	5325
475	38	5930
475	38	5931
475	38	5932
475	38	5933
500	38	6571
500	38	6572
500	38	6573
500	38	6574
525	38	7244
525	38	7245
525	38	7246
525	38	7247
525	38	7248
550	38	7951
550	38	7952
550	38	7953
550	38	7954
550	38	7955
575	38	8691
575	38	8692
575	38	8693
575	38	8694
600	38	9463
600	38	9464
600	38	9465
600	38	9466
600	38	9467
625	38	10269
625	38	10270
625	38	10271
625	38	10272
650	38	11107
650	38	11108
650	38	11109
650	38	11110
650	38	11111
675	38	11978
675	38	11979
675	38	11980
675	38	11981
675	38	11982
700	38	12882
700	38	12883
700	38	12884
700	38	12885
700	38	12886
725	38	13819
725	38	13820
725	38	13821
725	38	13822
750	38	14789
750	38	14790
750	38	14791
750	38	14792
775	38	15791
775	38	15792
775	38	15793
775	38	15794
775	38	15795
800	38	16827
800	38	16828
800	38	16829
800	38	16830
825	38	17895
825	38	17896
825	38	17897
825	38	17898
825	38	17899
850	38	18996
850	38	18997
850	38	18998
850	38	18999
850	38	19000
875	38	20130
875	38	20131
875	38	20132
875	38	20133
875	38	20134
900	38	21297
900	38	21298
900	38	21299
900	38	21300
900	38	21301
925	38	22497
925	38	22498
925	38	22499
925	38	22500
925	38	22501
950	38	23730
950	38	23731
950	38	23732
950	38	23733
975	38	24995
975	38	24996
975	38	24997
975	38	24998
975	38	24999
1000	38	26294
1000	38	26295
1000	38	26296
1000	38	26297
150	40	559
150	40	560
150	40	561
150	40	562
175	40	762
175	40	763
175	40	764
175	40	765
200	40	996
200	40	997
200	40	998
200	40	999
225	40	1262
225	40	1263
225	40	1264
225	40	1265
250	40	1558
250	40	1559
250	40	1560
250	40	1561
275	40	1886
275	40	1887
275	40	1888
275	40	1889
300	40	2245
300	40	2246
300	40	2247
300	40	2248
325	40	2636
325	40	2637
325	40	2638
325	40	2639
350	40	3057
350	40	3058
350	40	3059
350	40	3060
375	40	3510
375	40	3511
375	40	3512
375	40	3513
400	40	3994
400	40	3995
400	40	3996
400	40	3997
425	40	4510
425	40	4511
425	40	4512
425	40	4513
450	40	5056
450	40	5057
450	40	5058
450	40	5059
475	40	5634
475	40	5635
475	40	5636
475	40	5637
500	40	6243
500	40	6244
500	40	6245
500	40	6246
525	40	6883
525	40	6884
525	40	6885
525	40	6886
550	40	7555
550	40	7556
550	40	7557
550	40	7558
575	40	8257
575	40	8258
575	40	8259
575	40	8260
600	40	8991
600	40	8992
600	40	8993
600	40	8994
625	40	9756
625	40	9757
625	40	9758
625	40	9759
650	40	10553
650	40	10554
650	40	10555
650	40	10556
675	40	11380
675	40	11381
675	40	11382
675	40	11383
700	40	12239
700	40	12240
700	40	12241
700	40	12242
725	40	13129
725	40	13130
725	40	13131
725	40	13132
750	40	14050
750	40	14051
750	40	14052
750	40	14053
775	40	15003
775	40	15004
775	40	15005
775	40	15006
800	40	15987
800	40	15988
800	40	15989
800	40	15990
825	40	17002
825	40	17003
825	40	17004
825	40	17005
850	40	18048
850	40	18049
850	40	18050
850	40	18051
875	40	19125
875	40	19126
875	40	19127
875	40	19128
900	40	20234
900	40	20235
900	40	20236
900	40	20237
925	40	21374
925	40	21375
925	40	21376
925	40	21377
950	40	22545
950	40	22546
950	40	22547
950	40	22548
975	40	23748
975	40	23749
975	40	23750
975	40	23751
1000	40	24981
1000	40	24982
1000	40	24983
1000	40	24984
